38
655 root_lllrrlrlll -13.7413644791,-8.02000331879|-18.570810318,2.14416503906
809 root_lllrrlrlll -18.5525112152,-7.91143989563|-9.71949768066,0.787131845951
902 root_lllrrlrlll -13.790854454,-8.35441112518|-12.8737277985,2.66144537926
903 root_lllrrlrlll -18.6993408203,-7.93933153152|-14.2897815704,-8.30880355835
940 root_lllrrlrlll -14.8798656464,-7.85673046112|-7.30897808075,-5.78267240524
208 root_lllrrlrlrr -16.2546672821,-1.92966008186|-6.72309589386,-2.29896569252
466 root_lllrrlrlrr -12.349981308,-1.44077193737|-8.42911529541,-2.22449493408
709 root_lllrrlrlrr -18.6918888092,-1.75397610664|-11.1893320084,-5.61358880997
1186 root_lllrrlrlrr -18.8368778229,-1.33116745949|-14.4005813599,-3.91158127785
1525 root_lllrrlrlrr -19.3853683472,-1.21694481373|-8.92519664764,-5.7956776619
1609 root_lllrrlrlrr -17.8057518005,-1.40358066559|-13.0043296814,-1.03846848011
331 root_lllrrlrllrrr -14.9075660706,-3.94794678688|-6.68300914764,-8.7034406662
488 root_lllrrlrllrrr -16.5173301697,-3.57243871689|-18.5198822021,2.59618616104
503 root_lllrrlrllrrr -18.2926654816,-3.50631308556|-17.9528217316,3.45255494118
1476 root_lllrrlrllrrr -14.2676372528,-5.25489473343|-18.0673389435,3.65561437607
1515 root_lllrrlrllrrr -19.2780170441,-3.97192120552|1.17870056629,4.93020105362
1719 root_lllrrlrllrrr -14.4635047913,-4.09913873672|0.544575929642,-4.955286026
1742 root_lllrrlrllrrr -17.1292819977,-4.54816770554|-11.4086837769,1.19295799732
347 root_lllrrlrlrl -13.994354248,-3.4960064888|-11.8216619492,-7.49965333939
594 root_lllrrlrlrl -19.2049846649,-2.45728492737|-6.33002853394,-9.99900054932
609 root_lllrrlrlrl -14.4583711624,-2.57419109344|-17.909532547,-8.79103469849
1264 root_lllrrlrlrl -16.7640609741,-3.00272965431|-18.772901535,-5.09804010391
1729 root_lllrrlrlrl -12.8438425064,-2.60052776337|-0.156070560217,-8.10574817657
361 root_lllrrlrllrrl -15.331703186,-6.74243164062|-16.48087883,1.6512440443
949 root_lllrrlrllrrl -16.1170768738,-6.81077575684|-4.90958595276,-9.42513942719
1662 root_lllrrlrllrrl -16.0486507416,-6.50001335144|-4.24340772629,-4.12155485153
1703 root_lllrrlrllrrl -16.7327613831,-6.1096367836|-11.7634658813,-8.96965885162
817 root_lllrrlrllrl -18.6021556854,-6.99433135986|-15.0416879654,-7.32038354874
1106 root_lllrrlrllrl -12.8095417023,-7.40080738068|-4.73045969009,-6.66892671585
1153 root_lllrrlrllrl -19.7272453308,-7.07332754135|-7.04121685028,5.27612781525
1373 root_lllrrlrllrl -16.8644485474,-7.31313228607|-7.55592489243,-5.31907749176
1722 root_lllrrlrllrl -14.7124252319,-7.35139989853|-7.34252119064,-5.67374610901
2189 root_lllrrlrlrl -12.1668100357,-3.01859283447|-17.2464885712,2.20483708382
2199 root_lllrrlrlrl -18.6750450134,-2.83723688126|-9.16606807709,-0.827480852604
2226 root_lllrrlrllrrr -19.2397460938,-3.67008662224|-8.81995201111,-2.88545298576
2245 root_lllrrlrlrl -14.5531711578,-2.24181199074|-15.5274028778,-6.23155546188
2283 root_lllrrlrlll -14.6294059753,-8.06402683258|-15.776219368,3.96096324921
2309 root_lllrrlrlrr -14.7713212967,-2.01814317703|-13.5783452988,2.32007884979
