20
134 root_lrrrlrrll -2.67038941383,-5.54132986069|14.2229480743,-15.334856987
664 root_lrrrlrrll 6.73393583298,-13.7333364487|14.468829155,-8.16803836823
916 root_lrrrlrrll 5.28311300278,-15.9397211075|13.9954776764,-18.7102394104
1177 root_lrrrlrrll 5.87513160706,-19.6399097443|14.2370176315,-8.55307865143
1840 root_lrrrlrrll 6.97265815735,-14.2278079987|14.172504425,-16.5847892761
2217 root_lrrrlrrll 6.63236618042,-15.7281780243|14.2173309326,-11.4766960144
118 root_lrrrlrrr -3.94331932068,-6.88027048111|14.4000587463,9.65825366974
250 root_lrrrlrrr 6.29303121567,-7.47409963608|13.9864444733,11.8392801285
364 root_lrrrlrrr 13.5146245956,-19.15325737|14.3758573532,17.4961624146
437 root_lrrrlrrr 2.78775072098,-6.28716850281|14.5547761917,10.7920541763
876 root_lrrrlrrr -3.40439867973,-5.22082948685|13.989109993,16.3575172424
1040 root_lrrrlrrr 0.975065410137,-13.6749391556|14.316318512,15.8891029358
1915 root_lrrrlrrr 18.5427417755,-17.4317913055|14.0127220154,18.5233440399
219 root_lrrrlrrlr 19.7888660431,-7.52621793747|13.7980279922,-10.4303512573
1013 root_lrrrlrrlr 19.3276882172,-9.74551582336|14.4348630905,-17.0556297302
1381 root_lrrrlrrlr 13.4490242004,-1.27976930141|13.992565155,-1.46405923367
1383 root_lrrrlrrlr 16.4941234589,-10.9762468338|14.1797714233,-3.48758625984
1579 root_lrrrlrrlr 14.3800153732,-7.32703876495|13.9110507965,-19.1339149475
1697 root_lrrrlrrlr 14.6009321213,-6.24486446381|13.9364013672,-19.1278362274
1830 root_lrrrlrrlr 15.157834053,-18.7862567902|14.2377023697,-18.440076828
