21
126 root_lrllrrrr 19.9106044769,-11.9848356247|-18.8870849609,1.86081850529
625 root_lrllrrrr 18.8047771454,-8.35600757599|-12.9559726715,1.99814605713
676 root_lrllrrrr 19.7136268616,-14.7406997681|-8.03909301758,-11.0597057343
678 root_lrllrrrr 18.7990398407,-3.14504885674|-11.0152482986,-1.40425908566
865 root_lrllrrrr 19.8939323425,-6.65722990036|-13.8119926453,10.3228759766
71 root_lrllrrlr 17.7332897186,-16.6293010712|-19.3308143616,-11.8883914948
807 root_lrllrrlr 17.2552204132,-16.7839069366|-12.6948890686,13.2567529678
985 root_lrllrrlr 18.7911624908,-16.9441661835|-19.3933601379,-0.470731586218
1572 root_lrllrrlr 19.7362442017,-16.6272754669|-17.3598461151,-8.70333099365
1923 root_lrllrrlr 17.8833255768,-15.6895103455|-18.0740451813,-8.55597019196
26 root_lrllrrll 19.6836051941,-18.8481426239|-8.0289850235,12.6103630066
210 root_lrllrrll 19.8485279083,-17.8560905457|-13.229262352,-14.8293647766
507 root_lrllrrll 19.4685840607,-17.0140705109|-11.3504638672,-8.81258296967
804 root_lrllrrll 17.3612804413,-18.7972297668|-12.9405841827,-3.34410047531
2063 root_lrllrrll 18.1099777222,-17.0982875824|-19.8884487152,13.7941246033
23 root_lrllrrrl 18.7680053711,-9.21939182281|-8.18291187286,-9.6353187561
964 root_lrllrrrl 17.8493976593,-14.1165418625|-6.80888843536,-13.7392129898
1542 root_lrllrrrl 17.4514026642,-1.95693361759|-11.0278186798,7.87622117996
2097 root_lrllrrrl 17.3291091919,-13.1018571854|-11.2749986649,-0.316928118467
2281 root_lrllrrlr 19.5290031433,-15.9762086868|-10.7621660233,-9.65313911438
2319 root_lrllrrrl 18.1976165771,-14.6317405701|-17.2310256958,4.7225279808
