42
367 root_rllrlrll -18.2935314178,13.7902965546|-7.51604747772,12.2512435913
626 root_rllrlrll -17.5487880707,14.9810705185|-19.1587562561,12.8600435257
824 root_rllrlrll -18.3433361053,16.6457672119|-11.2832155228,-17.2481765747
863 root_rllrlrll -17.2701396942,19.1678180695|-13.5468244553,3.53197169304
1326 root_rllrlrll -18.7556018829,18.3386268616|-15.0376291275,16.0002288818
1630 root_rllrlrll -18.6210727692,17.6843299866|-9.97566223145,-11.3209877014
833 root_rllrlrlrrl -17.7946147919,17.468334198|1.31100940704,-18.8589420319
1046 root_rllrlrlrrl -18.384431839,15.3348054886|-2.72886276245,-9.54410266876
1282 root_rllrlrlrrl -17.9593639374,12.1762781143|1.34499371052,-10.8853368759
1775 root_rllrlrlrrl -17.9845981598,18.2907943726|2.64756703377,-13.1654090881
745 root_rllrlrrll -16.3021144867,13.4838981628|-19.2950630188,-11.2012739182
1125 root_rllrlrrll -16.6091957092,11.749915123|-11.6698436737,18.3235969543
1447 root_rllrlrrll -17.052072525,14.3119516373|-12.6197814941,-13.9323177338
1473 root_rllrlrrll -16.802980423,14.9623041153|-16.4506950378,12.1825904846
515 root_rllrlrlrl -17.9226284027,13.191619873|-4.83370256424,-16.3917999268
979 root_rllrlrlrl -18.3612804413,15.8125905991|-2.92152953148,-17.5067615509
1195 root_rllrlrlrl -17.7341442108,17.4094181061|-5.42555046082,-0.104754120111
1433 root_rllrlrlrl -18.2190799713,16.0964756012|-3.44420552254,-18.8122997284
153 root_rllrlrlrrr -17.3332862854,17.7724876404|8.65906715393,13.5535621643
1199 root_rllrlrlrrr -18.3940048218,19.3318824768|14.544839859,11.3416566849
1502 root_rllrlrlrrr -17.3008136749,19.8348293304|19.2789096832,-2.65194153786
1690 root_rllrlrlrrr -18.430475235,17.1791400909|14.9946737289,-17.6017475128
1789 root_rllrlrlrrr -17.4801635742,13.6962585449|12.3208675385,15.4708938599
102 root_rllrlrrlr -17.1060390472,17.5259647369|1.34037399292,19.7932128906
122 root_rllrlrrlr -16.5513706207,13.7260303497|9.78090763092,-11.9224910736
698 root_rllrlrrlr -17.0856380463,17.884935379|-5.98956394196,-5.67329454422
1140 root_rllrlrrlr -17.1959056854,14.4077425003|-1.87904262543,-7.82062101364
1787 root_rllrlrrlr -16.561662674,18.7922592163|-9.6578130722,11.6725673676
14 root_rllrlrrr -15.5898332596,14.5475749969|18.2356357574,12.6009731293
474 root_rllrlrrr -16.0459976196,16.8115005493|-19.2053413391,-11.8395795822
770 root_rllrlrrr -15.4979658127,19.1025333405|-2.65145683289,15.3219013214
962 root_rllrlrrr -15.6741495132,12.0660629272|-12.9144897461,-3.25990509987
978 root_rllrlrrr -16.1986160278,14.2907838821|-10.3767738342,12.2627344131
1095 root_rllrlrrr -15.9116535187,12.9755659103|3.59536886215,8.85681533813
1314 root_rllrlrrr -16.0102882385,13.1123228073|-11.8394498825,11.924446106
1713 root_rllrlrrr -15.6754274368,16.9749965668|-4.97218132019,6.57895517349
2017 root_rllrlrrlr -16.3986415863,12.5909605026|-3.34328269958,10.7540884018
2041 root_rllrlrll -17.2779808044,14.0422582626|-12.7071895599,-14.549115181
2069 root_rllrlrlrl -18.4926319122,12.306678772|-5.12636089325,8.17480278015
2112 root_rllrlrrlr -16.7410945892,17.7748718262|11.91426754,12.9302215576
2269 root_rllrlrrlr -16.7784233093,19.8628311157|17.6406898499,3.45337772369
2311 root_rllrlrll -17.6996097565,16.5389976501|-16.5215778351,10.4628248215
