39
473 root_rlrrrrlrlrrl -6.32357597351,8.66267967224|-10.7302837372,18.1241512299
1429 root_rlrrrrlrlrrl -6.45741939545,6.19311237335|-14.656088829,17.3594989777
1821 root_rlrrrrlrlrrl -6.08853769302,7.88129615784|-15.6308526993,13.5907068253
2173 root_rlrrrrlrlrrl -6.55294370651,8.31234169006|-10.4666080475,13.404340744
899 root_rlrrrrlrrrrr -1.80742239952,6.1271853447|1.27633941174,17.3483333588
970 root_rlrrrrlrrrrr -2.54739952087,8.09099388123|6.99773073196,13.5694923401
1233 root_rlrrrrlrrrrr -2.93621850014,8.36522006989|17.1572227478,15.3328065872
1337 root_rlrrrrlrrrrr -2.0157148838,10.5972824097|-6.44068622589,17.4078121185
1922 root_rlrrrrlrrrrr -2.79434895515,5.03173398972|2.88058662415,13.7830371857
1968 root_rlrrrrlrrrrr -2.9246609211,3.48121643066|-1.47900736332,18.6076450348
392 root_rlrrrrlrrl -4.73711585999,7.24743700027|-5.08616113663,14.2141475677
411 root_rlrrrrlrrl -4.8624663353,9.04980182648|-4.80361652374,16.3358459473
476 root_rlrrrrlrrl -4.83140850067,7.62324619293|-8.86195659637,14.5657615662
493 root_rlrrrrlrrl -4.59983825684,0.499636203051|-4.3350315094,12.872168541
1217 root_rlrrrrlrrl -4.72880506516,12.0853281021|-15.6887350082,16.9302921295
1388 root_rlrrrrlrrl -4.58462285995,6.86998939514|-6.89290571213,13.9342079163
251 root_rlrrrrlrlrl -7.02655887604,7.34510612488|-10.3833847046,19.4315681458
599 root_rlrrrrlrlrl -7.71030473709,9.46011447906|-15.8455715179,13.323225975
1605 root_rlrrrrlrlrl -7.57346153259,-0.755529940128|9.55129814148,15.9087209702
1643 root_rlrrrrlrlrl -6.92528104782,-0.453138947487|14.878159523,12.4353752136
317 root_rlrrrrlrlrrr -5.33583688736,12.7837343216|2.1703851223,13.1430826187
1831 root_rlrrrrlrlrrr -5.58849525452,10.9963617325|-16.9686717987,15.6696796417
1980 root_rlrrrrlrlrrr -5.99307394028,11.0788469315|-10.7283477783,16.9913234711
2111 root_rlrrrrlrlrrr -5.69260931015,8.19038295746|-5.9232172966,17.5409545898
2113 root_rlrrrrlrlrrr -5.59185791016,6.9278626442|-7.06582450867,13.0322227478
688 root_rlrrrrlrll -9.79164409637,12.1221847534|-16.2847709656,15.0418357849
1167 root_rlrrrrlrll -7.95651960373,12.9739809036|-18.4763374329,13.7505779266
1319 root_rlrrrrlrll -9.32001876831,11.6171636581|-12.158446312,18.0025901794
1422 root_rlrrrrlrll -8.55227279663,9.79694366455|-8.55829811096,14.6627035141
402 root_rlrrrrlrrrl -3.19774103165,12.7724113464|-3.39976000786,15.8179521561
892 root_rlrrrrlrrrl -4.50627994537,1.07037210464|-13.0647201538,14.5349874496
911 root_rlrrrrlrrrl -4.55409193039,11.9473304749|-11.5668449402,15.8098430634
1489 root_rlrrrrlrrrl -3.19205856323,5.92245817184|-10.4524021149,15.4964437485
1120 root_rlrrrrlrrrrl -2.40995907784,6.7961974144|-7.93486118317,17.0519866943
1615 root_rlrrrrlrrrrl -2.17621421814,6.89801836014|-10.7721786499,17.6347904205
1676 root_rlrrrrlrrrrl -2.63496828079,10.3485622406|-17.4790992737,15.0505580902
1926 root_rlrrrrlrrrrl -2.52526426315,4.03276395798|-6.57315444946,13.3902521133
2241 root_rlrrrrlrll -9.89627742767,2.6781437397|-19.7113246918,15.2835884094
2253 root_rlrrrrlrll -9.76109313965,10.028506279|-6.94007158279,12.8496646881
