49
341 root_lrlrrlrlllr 8.08431148529,-19.1617527008|-5.69006633759,-2.10771846771
955 root_lrlrrlrlllr 18.3593330383,-17.6373443604|-1.24474143982,-3.17468237877
1413 root_lrlrrlrlllr 19.9295692444,-12.5648670197|0.997459471226,-2.9289162159
2151 root_lrlrrlrlllr 9.16491413116,-17.5218162537|-4.06218624115,-2.55660557747
2271 root_lrlrrlrlllr 5.84673643112,-19.5033874512|-1.0272693634,-1.98987901211
868 root_lrlrrlrlrlr 8.51713657379,-18.5893650055|-3.56667470932,15.0169153214
968 root_lrlrrlrlrlr 12.6070451736,-15.1527614594|-1.57721590996,15.0357904434
1172 root_lrlrrlrlrlr 15.019487381,-12.9605989456|-3.79029560089,14.250834465
1363 root_lrlrrlrlrlr 6.16787433624,-18.7961101532|-5.49720716476,14.5863819122
1747 root_lrlrrlrlrlr 6.63414907455,-19.3758926392|-3.12442350388,14.6153297424
239 root_lrlrrlrrr 18.3628864288,-8.69231987|0.414548456669,14.1517715454
498 root_lrlrrlrrr 12.332485199,-9.05262851715|-3.07710909843,-3.58096814156
882 root_lrlrrlrrr 13.9871797562,-10.4844284058|1.82728087902,1.21328270435
1725 root_lrlrrlrrr 18.0310745239,-9.38679409027|-2.15231728554,4.5807299614
2242 root_lrlrrlrrr 13.2461147308,-10.6379089355|0.20013999939,-3.92865681648
1520 root_lrlrrlrlrll 15.1426677704,-16.5482730865|-3.32507967949,12.6900453568
1708 root_lrlrrlrlrll 18.0245552063,-12.5539522171|-5.28438329697,12.4707403183
1839 root_lrlrrlrlrll 14.649433136,-17.0358448029|-5.73248624802,13.9369821548
1960 root_lrlrrlrlrll 8.4710817337,-12.5817260742|-0.257227838039,11.6831169128
2192 root_lrlrrlrlrll 10.7065629959,-12.8758363724|-6.31640911102,12.9270048141
2250 root_lrlrrlrlrll 6.11590576172,-15.2875270844|-4.5157084465,12.3289194107
1079 root_lrlrrlrllrl 16.8464012146,-16.6383781433|-4.70347452164,3.6542737484
1232 root_lrlrrlrllrl 11.5805673599,-16.652967453|-5.92361831665,10.5318012238
1613 root_lrlrrlrllrl 8.95219039917,-19.8449363708|-5.6746263504,-0.800160050392
1705 root_lrlrrlrllrl 13.0418186188,-13.0881090164|-5.67617225647,-1.33792614937
2010 root_lrlrrlrllrl 14.6642131805,-13.686964035|-5.167552948,5.48541402817
568 root_lrlrrlrlrr 13.191742897,-19.1321392059|-0.340046793222,15.9749622345
629 root_lrlrrlrlrr 13.5290203094,-19.7270126343|-2.44716668129,18.8712120056
726 root_lrlrrlrlrr 13.7612161636,-19.6934375763|-4.93752670288,18.5832424164
990 root_lrlrrlrlrr 18.0014858246,-17.7595748901|-5.08637571335,18.1137237549
1029 root_lrlrrlrlrr 9.45783138275,-15.089214325|-0.08272267133,15.8523254395
1490 root_lrlrrlrlrr 9.86587142944,-15.9320554733|-4.72078180313,16.5430831909
2049 root_lrlrrlrlrr 18.3489608765,-19.7888832092|-4.76645708084,18.858455658
2345 root_lrlrrlrlrr 8.48756217957,-13.2260599136|0.323995560408,18.1589374542
463 root_lrlrrlrllrr 13.9495191574,-12.5222377777|-3.26868391037,6.51828145981
556 root_lrlrrlrllrr 7.2002863884,-19.5915927887|1.46877360344,1.51571309566
1296 root_lrlrrlrllrr 18.7289218903,-15.1262617111|2.0208170414,-1.22833871841
1458 root_lrlrrlrllrr 8.18853473663,-17.3727149963|1.11129367352,4.46693372726
1504 root_lrlrrlrllrr 18.2632598877,-15.6960248947|-1.64190471172,4.09026575089
1879 root_lrlrrlrllrr 7.11700630188,-13.9847364426|0.696809589863,3.51974344254
2106 root_lrlrrlrllrr 11.5860338211,-16.8289051056|-3.15066361427,8.14628696442
107 root_lrlrrlrrl 8.32174777985,-10.7415275574|1.84472250938,-0.972936153412
230 root_lrlrrlrrl 5.40917110443,-12.3678750992|-0.931821286678,-4.2522277832
293 root_lrlrrlrrl 15.7255964279,-10.8554086685|-2.37456417084,10.1998138428
684 root_lrlrrlrrl 10.9021987915,-11.8698253632|-5.41810560226,10.1327962875
1034 root_lrlrrlrllll 16.7290592194,-14.6322097778|-2.29615712166,-4.15244722366
1981 root_lrlrrlrllll 18.7583198547,-17.1010818481|-1.44580793381,-6.31486368179
2095 root_lrlrrlrllll 6.5391330719,-13.3947649002|0.877232313156,-3.21234178543
2351 root_lrlrrlrllll 17.3637218475,-13.8828525543|-4.79823255539,-4.15729284286
