25
13 root_lrrllrl 2.85842990875,-19.3744716644|4.75591897964,10.457821846
62 root_lrrllrl -2.38208627701,-18.4660739899|9.14602947235,-8.09863853455
753 root_lrrllrl -4.33614110947,-18.2462921143|3.40136194229,6.12539768219
768 root_lrrllrl -1.33755552769,-14.9019994736|8.1164226532,0.000836065388285
24 root_lrrllrr 11.1159858704,-15.1204338074|3.60466980934,-5.99359798431
166 root_lrrllrr 2.99223780632,-15.5069971085|9.18825912476,6.44727611542
622 root_lrrllrr 11.2614555359,-15.886838913|4.65474748611,-7.86834669113
735 root_lrrllrr 5.20683336258,-17.918390274|3.55736088753,-8.4385061264
1020 root_lrrllrr 9.36396884918,-19.6138935089|3.11475920677,1.59049105644
431 root_lrrlllr 15.841296196,-16.7913417816|4.54399824142,-17.5492897034
492 root_lrrlllr 14.4643106461,-16.0793952942|8.59456062317,-16.4654979706
665 root_lrrlllr 9.37829303741,-15.2415857315|7.20681762695,-14.2181682587
918 root_lrrlllr 10.137670517,-15.0323448181|8.22104740143,-11.8615694046
923 root_lrrlllr 17.6783008575,-15.6326160431|5.23803901672,-12.2025403976
280 root_lrrllll 9.3393611908,-19.8069057465|9.37306785583,-14.1460857391
942 root_lrrllll 2.4996471405,-17.7533626556|8.2526884079,-18.2163562775
1005 root_lrrllll -4.75800657272,-17.6282024384|4.29988718033,-19.0219421387
1283 root_lrrllll 5.07021617889,-19.8544521332|5.25851726532,-11.2787065506
1440 root_lrrllrr 9.08791542053,-18.6468429565|5.67890262604,-10.6553401947
1529 root_lrrllll 5.53788471222,-15.2865772247|4.38107252121,-14.2581014633
1714 root_lrrllll 0.554762303829,-15.635846138|7.84707117081,-14.4396076202
1880 root_lrrlllr 18.2173461914,-17.8683948517|7.58399629593,-14.0495519638
2134 root_lrrllrr 7.36475467682,-14.8523693085|8.67525100708,-9.72334194183
2209 root_lrrlllr 11.5521535873,-16.774936676|9.1993265152,-12.7680978775
2237 root_lrrllll -2.56415462494,-17.6998901367|8.82507324219,-16.5409240723
