36
428 root_lrrrrrllrr 9.41453933716,-11.0028791428|18.4003238678,18.5400886536
485 root_lrrrrrllrr 9.70181941986,-14.9529886246|19.2613811493,-9.01422786713
677 root_lrrrrrllrr 9.30328559875,-13.3359613419|19.2296562195,-14.3132686615
1636 root_lrrrrrllrr 11.1064395905,-15.0853071213|18.5146465302,-5.52002000809
1782 root_lrrrrrllrr 6.95828723907,-15.2904415131|18.9289550781,8.86350917816
988 root_lrrrrrllll 6.80639410019,-17.8531455994|16.641702652,3.95037865639
1435 root_lrrrrrllll 6.52392339706,-10.1884727478|14.6651449203,-17.4479904175
1610 root_lrrrrrllll 6.32934713364,-5.65400505066|15.6949205399,-7.16662788391
1849 root_lrrrrrllll 6.16435289383,-14.1152591705|15.87940979,-11.0619668961
180 root_lrrrrrlrl 12.6086606979,-14.9032859802|18.6653137207,-6.51109027863
329 root_lrrrrrlrl 12.8958778381,-15.8089027405|18.1060848236,-9.82766246796
650 root_lrrrrrlrl 12.8209657669,-8.96026992798|14.6061077118,-16.1525745392
1414 root_lrrrrrlrl 11.8447418213,-17.3816261292|19.4349536896,-13.0521192551
1590 root_lrrrrrlrl 11.6643381119,-17.5186424255|16.8783454895,4.41526699066
976 root_lrrrrrllrl 5.82629299164,-19.7830677032|17.5689411163,-4.62369251251
1475 root_lrrrrrllrl 11.0828475952,-18.0278911591|17.9889583588,14.5878372192
1628 root_lrrrrrllrl 6.52069234848,-15.6506547928|19.3702487946,15.4042453766
2067 root_lrrrrrllrl 5.10346031189,-19.7241039276|18.906244278,-1.59423446655
314 root_lrrrrrlllr 9.46679019928,-14.0857057571|15.5949802399,-17.8106040955
1472 root_lrrrrrlllr 8.42479801178,-7.56295824051|14.7532482147,15.3720550537
1693 root_lrrrrrlllr 9.18041133881,-5.60305929184|16.1847801208,-1.59264969826
1989 root_lrrrrrlllr 9.67598056793,-18.5981082916|16.4094142914,15.1869869232
2001 root_lrrrrrlllr 6.99221277237,-15.2161598206|14.9342184067,-15.5478544235
2012 root_lrrrrrlllr 11.1015529633,-15.2914762497|15.9138765335,-7.70645904541
2066 root_lrrrrrlllr 9.24816322327,-11.4283781052|14.9276218414,-1.91774654388
540 root_lrrrrrlrr 12.6837081909,-1.95814478397|17.0799999237,-11.3996944427
738 root_lrrrrrlrr 12.7663526535,-4.82123088837|18.6579208374,7.1201043129
927 root_lrrrrrlrr 12.8243846893,-4.20294046402|15.0873403549,-12.1209459305
1297 root_lrrrrrlrr 13.2750768661,-3.0746307373|18.2910442352,-14.639128685
1369 root_lrrrrrlrr 11.6957349777,-3.40381360054|17.0382900238,-13.0794439316
1551 root_lrrrrrlrr 11.4982824326,-6.38269662857|19.1427364349,-10.99696064
2068 root_lrrrrrlrl 11.3619852066,-16.5742988586|19.062253952,-14.6558570862
2142 root_lrrrrrlrl 12.5230512619,-15.8075084686|15.7633771896,16.7724475861
2187 root_lrrrrrlllr 10.5953731537,-13.2055244446|16.1099872589,-7.8956079483
2191 root_lrrrrrlrl 12.0380353928,-8.65700817108|17.261302948,-1.66850173473
2232 root_lrrrrrllrr 8.89144992828,-10.5881004333|17.9875812531,-6.32922458649
