21
295 root_rlrrrlllrr -9.71897792816,15.3167552948|-16.4024467468,-8.0310792923
577 root_rlrrrlllrr -7.1307682991,14.4797439575|-16.7660655975,-8.10684299469
1316 root_rlrrrlllrr -9.24678039551,9.76323413849|-1.39094161987,-8.79637432098
1741 root_rlrrrlllrr -3.94129109383,13.3059663773|-3.05607414246,-8.1880865097
1743 root_rlrrrlllrr -3.36419677734,11.4007225037|1.2490503788,-7.53622865677
2047 root_rlrrrlllrr -3.99712395668,11.0774698257|-19.0881404877,-8.77846431732
1019 root_rlrrrlllll -2.66252851486,-0.60460460186|-1.15524017811,-10.8414707184
1131 root_rlrrrlllll -5.1516046524,0.0257770530879|-6.03347539902,-6.19097042084
1278 root_rlrrrlllll -8.82265090942,1.84174394608|-18.2173347473,-9.55909347534
1606 root_rlrrrlllll -6.56635093689,2.71680426598|-14.7774400711,-6.80704927444
1087 root_rlrrrllllr -6.57016897202,3.1187171936|-17.8699264526,-10.1084442139
1558 root_rlrrrllllr -5.83519077301,3.24865293503|-2.85111045837,-11.1006298065
1612 root_rlrrrllllr -7.45238351822,8.15669536591|-16.027507782,-8.92646312714
1698 root_rlrrrllllr -8.89214324951,5.98009824753|-7.10718297958,-6.34572601318
2083 root_rlrrrllllr -6.84742116928,7.55236768723|-19.1599998474,-11.4308614731
73 root_rlrrrlllrl -7.10217905045,19.9241733551|-2.51588273048,-10.9859428406
453 root_rlrrrlllrl -7.84359550476,16.2561149597|-9.76790809631,-9.68217754364
1173 root_rlrrrlllrl -7.72087001801,17.5767402649|0.229424700141,-9.91209602356
1952 root_rlrrrlllrl -8.10095500946,15.5101318359|-18.1206970215,-8.80412769318
2052 root_rlrrrlllrl -7.71883583069,16.4071712494|-16.214838028,-11.6683254242
2347 root_rlrrrlllll -8.33060741425,-0.561608910561|-12.1452035904,-8.87019252777
