39
608 root_rlrrrllrrrrl -9.63199234009,14.1110944748|-12.9679193497,-0.903009235859
1062 root_rlrrrllrrrrl -5.16275787354,11.8938093185|-12.0050535202,0.257860600948
1179 root_rlrrrllrrrrl -3.13590860367,8.16708183289|-9.75843524933,2.23578548431
2143 root_rlrrrllrrrrl -7.45363092422,16.8023738861|-8.98754024506,1.84543287754
618 root_rlrrrllrll -7.67656564713,2.66478538513|-1.42961251736,-4.14293527603
1016 root_rlrrrllrll -7.43062067032,2.79362511635|-15.9952707291,-4.49445533752
1704 root_rlrrrllrll -6.15732908249,-0.852941036224|-16.2497196198,-5.69265556335
1788 root_rlrrrllrll -6.86895656586,13.9176635742|-0.489219993353,-3.96513056755
1836 root_rlrrrllrll -3.59373283386,1.99989366531|-2.8783724308,-6.01787233353
2277 root_rlrrrllrll -8.70307636261,8.66308116913|-19.3243598938,-3.80404806137
798 root_rlrrrllrrlr -2.19224905968,3.76472020149|-1.15915024281,4.8938832283
1469 root_rlrrrllrrlr -8.12120723724,1.94479382038|-10.1495409012,4.44312763214
1658 root_rlrrrllrrlr -9.46520709991,4.66339302063|-18.1894226074,-0.288897097111
1694 root_rlrrrllrrlr -2.38080310822,4.02247285843|-11.7461366653,4.16048908234
1893 root_rlrrrllrrlr -9.09537601471,1.38421297073|-3.12700033188,3.12786030769
639 root_rlrrrllrrrl -7.2717461586,7.83087730408|-15.1036329269,-0.20779286325
812 root_rlrrrllrrrl -4.92820549011,14.0149173737|-13.6318979263,-0.801611721516
1104 root_rlrrrllrrrl -9.93478488922,8.90899467468|-16.7654514313,0.129707217216
1198 root_rlrrrllrrrl -7.01936721802,7.78950548172|-14.4358549118,0.985756635666
1273 root_rlrrrllrrrl -9.73853111267,14.6126375198|-17.2600708008,2.74091982841
1287 root_rlrrrllrrrl -4.88423871994,10.0733728409|-16.2152824402,1.56829190254
1539 root_rlrrrllrrrl -7.51899290085,11.0306587219|-17.8988628387,4.71472978592
1574 root_rlrrrllrrrl -9.46943187714,16.8097553253|-15.4752540588,3.60157346725
774 root_rlrrrllrrrrr -2.07027649879,13.115240097|-1.83344042301,4.28670167923
999 root_rlrrrllrrrrr -2.26994466782,5.65881872177|-7.5480928421,-0.0134630445391
1207 root_rlrrrllrrrrr -6.39008283615,5.49906682968|-2.90530085564,1.27032017708
1663 root_rlrrrllrrrrr -6.01689863205,12.5634880066|-6.51436471939,0.305134087801
2312 root_rlrrrllrrrrr -5.20401859283,11.7513008118|-7.39192819595,0.86054712534
657 root_rlrrrllrrll -3.91246795654,-0.347356885672|-9.52866268158,1.13588237762
700 root_rlrrrllrrll -9.69178199768,1.31927728653|-18.2357788086,-1.7473334074
1055 root_rlrrrllrrll -7.67865800858,-0.0875521600246|-1.58172082901,4.38144016266
1817 root_rlrrrllrrll -3.61317110062,0.759127140045|0.392636656761,4.85791826248
275 root_rlrrrllrlr -3.10667157173,8.3940782547|0.331327319145,-2.4796526432
410 root_rlrrrllrlr -2.69935178757,1.09149003029|-12.4500875473,-3.21554017067
412 root_rlrrrllrlr -5.48173856735,11.9989271164|-12.7580251694,-1.81703305244
819 root_rlrrrllrlr -3.21115541458,18.2658348083|-13.3155212402,-2.84965276718
854 root_rlrrrllrlr -3.9195690155,18.6635036469|-15.9408941269,-1.94129729271
1973 root_rlrrrllrlr -7.96441268921,15.5580730438|-3.08001089096,-2.79560828209
2050 root_rlrrrllrlr -4.10616970062,1.20841920376|-14.0485258102,-2.06960701942
