43
135 root_lrlrrrrlr 5.10684347153,-2.2487154007|0.50447332859,14.5021333694
1188 root_lrlrrrrlr 3.59679269791,-3.28524255753|-6.17758798599,10.2117013931
1190 root_lrlrrrrlr -0.16412229836,-2.02261662483|-5.5118522644,-6.36500263214
1209 root_lrlrrrrlr -1.48363804817,-1.66842341423|-6.07302331924,2.87982034683
1379 root_lrlrrrrlr -2.06634569168,-1.19299328327|-0.0200886242092,17.0540752411
1418 root_lrlrrrrlr -2.36248421669,-2.94959402084|1.41657888889,-0.436636120081
46 root_lrlrrrrrr 17.4255161285,-2.95860743523|-2.37437653542,18.2559490204
246 root_lrlrrrrrr 5.78937387466,-2.96571111679|-3.72427868843,8.82375144958
851 root_lrlrrrrrr 17.9765872955,-2.49008512497|-2.12188601494,6.11263084412
1323 root_lrlrrrrrr 18.8167800903,-2.5866985321|-5.56134414673,8.22203063965
1808 root_lrlrrrrrr 13.7693367004,-1.19534087181|0.960770308971,-4.37609672546
179 root_lrlrrrlrr 19.1289386749,-6.03646230698|-0.250701993704,5.71133756638
508 root_lrlrrrlrr 8.21347427368,-7.82525110245|-0.115012139082,16.1148223877
1129 root_lrlrrrlrr 5.95342206955,-7.77353477478|0.471830129623,-0.876889050007
1252 root_lrlrrrlrr 4.28005552292,-5.25034999847|-2.09911775589,8.69273757935
1634 root_lrlrrrlrr 10.5031356812,-6.9380569458|2.10548305511,17.2653198242
1759 root_lrlrrrlrr 10.1633958817,-6.3596534729|-5.37166070938,8.58927154541
537 root_lrlrrrrrl 5.92875623703,-3.83696246147|-5.768658638,10.1252794266
838 root_lrlrrrrrl 19.0227355957,-4.32269048691|-6.05859375,5.46933984756
1601 root_lrlrrrrrl 13.3248252869,-3.37996101379|0.472282201052,-4.68419313431
1765 root_lrlrrrrrl 14.2571268082,-4.15109157562|0.833795368671,-2.31867313385
90 root_lrlrrrrll 2.36832356453,-3.77262449265|-1.10946881771,-5.37432718277
420 root_lrlrrrrll -2.49320602417,-3.99017953873|-2.6540222168,-5.54657459259
1024 root_lrlrrrrll 3.34921550751,-4.07596540451|-0.0549056269228,3.68811225891
1081 root_lrlrrrrll 3.01001667976,-4.37030553818|-4.03227329254,4.47740364075
1581 root_lrlrrrrll 4.34786891937,-3.74336981773|-4.94988536835,-0.406905561686
1621 root_lrlrrrrll 4.46497964859,-3.85135746002|1.58448266983,0.104435332119
1661 root_lrlrrrrll -3.76140236855,-3.65946555138|-5.57263898849,-1.51197946072
1711 root_lrlrrrrll 1.06855666637,-4.4011259079|-3.61364984512,11.0245857239
539 root_lrlrrrlrl 10.2651767731,-8.02268791199|0.94903254509,6.66064167023
1247 root_lrlrrrlrl -3.78035187721,-8.14903259277|0.712433755398,-0.721595048904
1399 root_lrlrrrlrl 2.75311374664,-8.50241565704|1.11833286285,2.16781711578
1547 root_lrlrrrlrl 6.99516534805,-7.86505794525|-2.15995001793,17.2911510468
56 root_lrlrrrll -2.13965988159,-6.40314674377|-6.38013029099,-1.86501097679
396 root_lrlrrrll -4.47173261642,-6.04020881653|-6.28617954254,-6.0248093605
489 root_lrlrrrll -4.811835289,-7.05614519119|-1.97481226921,-1.10830414295
945 root_lrlrrrll 0.193026974797,-6.80992269516|1.3453938961,-5.09548091888
1578 root_lrlrrrll 13.9993028641,-7.23486566544|-6.05858278275,-1.20241713524
1779 root_lrlrrrll -4.03391885757,-6.51820325851|0.487900227308,-2.32797980309
1812 root_lrlrrrrrr 19.2968940735,-1.92059969902|1.56404542923,7.03886604309
1902 root_lrlrrrrrr 18.0053195953,-1.71656036377|-5.28145980835,-6.39919757843
1986 root_lrlrrrlrl 15.670882225,-8.1942615509|1.50394821167,7.69906425476
2216 root_lrlrrrrlr -1.39316534996,-1.3266980648|1.45022201538,17.8454399109
