26
605 root_lrlllrlrll 4.09092664719,-19.3579311371|-13.1871051788,11.6109523773
941 root_lrlllrlrll 8.73009777069,-18.712934494|-9.94449996948,6.63008308411
1508 root_lrlllrlrll -2.16575074196,-18.5493888855|-13.3610229492,2.21850252151
1862 root_lrlllrlrll 4.7286901474,-18.2065124512|-6.86086845398,3.80815553665
199 root_lrlllrlrrrl 0.320868134499,-10.7054605484|-7.92271995544,-0.256129592657
948 root_lrlllrlrrrl -4.42450284958,-9.82884597778|-12.6687765121,-2.10002851486
1834 root_lrlllrlrrrl 2.05433154106,-10.3473749161|-14.3684940338,4.28003787994
2194 root_lrlllrlrrrl -0.203739523888,-14.7663888931|-8.11209106445,-1.47173941135
610 root_lrlllrlrrl -0.891329586506,-12.6687765121|-14.0272989273,-3.06675672531
1031 root_lrlllrlrrl 2.54783582687,-12.8000144958|-7.40577793121,-5.01040267944
1033 root_lrlllrlrrl 3.59442043304,-13.4805259705|-7.12466573715,-3.5952167511
1045 root_lrlllrlrrl -2.25964570045,-10.0332889557|-7.26653337479,-5.3739733696
1375 root_lrlllrlrrl 8.10049819946,-9.70275783539|-7.33167505264,-5.8078045845
2135 root_lrlllrlrrl -0.717872917652,-14.5811672211|-10.5140256882,-3.25586605072
620 root_lrlllrlrlr 4.05945587158,-16.2738056183|-13.0395860672,9.31381702423
653 root_lrlllrlrlr 7.19918107986,-17.6128578186|-12.3161420822,-5.30234670639
1066 root_lrlllrlrlr 2.87665772438,-16.7616939545|-7.03566646576,12.3008069992
1181 root_lrlllrlrlr -3.64083647728,-17.4172286987|-7.65987586975,-1.55551850796
1750 root_lrlllrlrlr 0.534201443195,-16.2346229553|-9.59580230713,0.526060521603
1909 root_lrlllrlrlr 4.37779951096,-16.5711956024|-8.52097415924,7.75398921967
301 root_lrlllrlrrrr 8.52582645416,-12.3060188293|-7.06612539291,17.4095077515
928 root_lrlllrlrrrr -1.47750782967,-15.7401332855|-10.4999055862,17.9563903809
1092 root_lrlllrlrrrr 7.78764343262,-12.8706912994|-11.3823843002,18.2325248718
1793 root_lrlllrlrrrr 6.2344083786,-15.0676355362|-10.7924594879,6.30108594894
1905 root_lrlllrlrrrr 8.57924365997,-14.2865095139|-10.8912649155,10.384100914
2325 root_lrlllrlrll -1.52348685265,-18.7003803253|-8.79437351227,17.0596580505
