29
592 root_rrrrrlllrl 1.25965356827,9.32285881042|-11.5745725632,14.0672416687
1392 root_rrrrrlllrl 5.92909431458,10.9047145844|-11.3756093979,13.0973854065
1483 root_rrrrrlllrl 0.0979977101088,16.3829135895|-10.4095668793,17.3069591522
1624 root_rrrrrlllrl 4.74587154388,19.6001491547|-10.7106838226,12.545124054
2038 root_rrrrrlllrl 6.65952634811,14.0436458588|-11.0828008652,13.036067009
551 root_rrrrrllll 1.01300048828,1.99837815762|-16.2089710236,19.175447464
616 root_rrrrrllll 1.85178947449,12.9778032303|-15.9671792984,16.370891571
769 root_rrrrrllll -1.65750253201,3.61037492752|-12.2400960922,15.3809366226
1367 root_rrrrrllll -0.682943999767,5.66428518295|-11.9355697632,15.3533411026
1474 root_rrrrrllll 2.55692625046,16.6531105042|-16.3043766022,15.0124263763
2055 root_rrrrrllll 2.09111213684,19.9593296051|-19.0386772156,16.388792038
57 root_rrrrrllrr 8.9841594696,3.18968462944|-1.83909535408,15.86373806
389 root_rrrrrllrr 8.74063014984,13.1797008514|-2.32467103004,12.9846973419
560 root_rrrrrllrr 9.25614356995,18.7517871857|-13.5334653854,19.3286933899
800 root_rrrrrllrr 7.81793689728,9.32649421692|-4.25561904907,15.910861969
1511 root_rrrrrllrr 8.03252887726,11.1903038025|-11.5493803024,14.2629747391
332 root_rrrrrlllrr 0.44689270854,19.4209423065|-6.99029493332,18.8031539917
333 root_rrrrrlllrr 0.645021498203,19.6705360413|-0.684981942177,12.6484136581
470 root_rrrrrlllrr 7.0451464653,11.8746757507|-1.0871270895,15.3278055191
670 root_rrrrrlllrr 0.978551626205,12.5798168182|-7.16728258133,12.4598875046
1826 root_rrrrrlllrr 1.13918626308,7.46731901169|-3.93157792091,18.1029548645
2107 root_rrrrrlllrr 1.05635106564,3.02856063843|-2.86643838882,18.7620162964
313 root_rrrrrllrl 9.32904052734,19.3979110718|-14.6416368484,13.1857213974
578 root_rrrrrllrl 7.88451290131,3.24325037003|-18.0554771423,18.2054901123
2060 root_rrrrrllrl 8.26415729523,19.6462726593|-18.283575058,14.7669487
2153 root_rrrrrllrl 9.30521297455,1.30965745449|-13.705737114,16.0169696808
2160 root_rrrrrllll 0.78658336401,3.70047974586|-14.7176113129,16.434179306
2262 root_rrrrrllrl 7.48383140564,8.23151016235|-15.3180189133,19.3827323914
2287 root_rrrrrlllrr 5.88892507553,12.9620485306|-1.45880913734,17.7112083435
