20
1 root_rr 0.355366289616,-16.027961731|19.2081108093,-4.50928211212
7 root_rr 15.4690437317,9.49340248108|3.32221364975,-12.6279478073
8 root_rr 0.355366289616,-16.027961731|19.2081108093,-4.50928211212
10 root_rr 17.2322006226,-13.5070638657|-12.3292160034,-10.4806718826
12 root_rr 11.2552995682,13.4583559036|14.9860572815,9.9315776825
2 root_rl 3.74943375587,-18.3393573761|16.7349071503,-13.9704427719
6 root_rl 3.25541782379,-13.1272172928|-6.74430179596,-19.156747818
11 root_rl 3.74943375587,-18.3393573761|16.7349071503,-13.9704427719
13 root_rl 3.74943375587,-18.3393573761|16.7349071503,-13.9704427719
3 root_l -2.01815342903,-4.83137893677|3.33803939819,-17.8487186432
4 root_l -12.1814489365,16.6464118958|-2.06893730164,-4.33259439468
5 root_l -7.23006629944,-19.5637378693|-12.6390552521,16.203212738
9 root_l -12.8185024261,-10.0420103073|-0.0609307028353,-15.63925457
14 root_rl 3.74943375587,-18.3393573761|16.7349071503,-13.9704427719
15 root_l -2.01815342903,-4.83137893677|3.33803939819,-17.8487186432
16 root_l -12.1814489365,16.6464118958|-2.06893730164,-4.33259439468
17 root_l -7.23006629944,-19.5637378693|-12.6390552521,16.203212738
18 root_rr 17.2322006226,-13.5070638657|-12.3292160034,-10.4806718826
19 root_rr 15.4690437317,9.49340248108|3.32221364975,-12.6279478073
20 root_rr 11.2552995682,13.4583559036|14.9860572815,9.9315776825
