27
254 root_lllrrlrrll -10.0861873627,-4.36491060257|-11.5994529724,0.328726142645
966 root_lllrrlrrll -12.0256128311,-3.02171969414|-15.7259216309,-9.1176071167
987 root_lllrrlrrll -10.6455469131,-3.8067407608|-13.3890504837,-0.0749435424805
1134 root_lllrrlrrll -10.8518867493,-3.59821867943|-6.47734737396,-3.99532866478
1716 root_lllrrlrrll -11.1245594025,-6.11805343628|-5.69095516205,-10.5663080215
236 root_lllrrlrrrr -7.16639184952,-4.66645050049|-17.6466217041,4.94539165497
266 root_lllrrlrrrr -6.80452489853,-5.41451931|1.27428174019,3.26898527145
376 root_lllrrlrrrr -7.58829545975,-8.08005142212|-3.21668291092,-0.283771365881
393 root_lllrrlrrrr -6.76538801193,-4.34436035156|-1.67164075375,4.9323348999
2040 root_lllrrlrrrr -5.69618463516,-1.29270756245|-14.4626312256,1.71597826481
426 root_lllrrlrrrl -7.01665592194,-1.1703081131|-2.97998261452,-4.26442241669
1174 root_lllrrlrrrl -6.96551704407,-4.22493934631|-12.2045326233,-4.6742477417
1537 root_lllrrlrrrl -5.38598680496,-3.12500429153|-2.96905303001,-4.59327125549
1657 root_lllrrlrrrl -8.07627391815,-7.65522766113|-16.2059078217,-3.46447944641
413 root_lllrrlrrlr -9.45655059814,-5.29773378372|-1.53781580925,-2.96123218536
491 root_lllrrlrrlr -9.59352302551,-3.21171426773|-5.11540126801,-6.94788074493
517 root_lllrrlrrlr -9.49847698212,-4.9047832489|-13.7811441422,-6.12739944458
1090 root_lllrrlrrlr -8.98733997345,-4.69818210602|-8.13530445099,-9.74652004242
1462 root_lllrrlrrlr -9.96818637848,-5.40425491333|-10.4617881775,0.30089572072
1633 root_lllrrlrrlr -9.53268909454,-8.03786087036|-6.22327375412,2.79524850845
2100 root_lllrrlrrll -10.9767904282,-8.05873966217|-0.537326455116,-4.53366279602
2150 root_lllrrlrrll -10.7818698883,-2.64531683922|-15.2946996689,3.50335526466
2198 root_lllrrlrrlr -9.90883255005,-6.33973884583|-2.92676305771,0.7659547925
2214 root_lllrrlrrrl -6.04191970825,-1.79626405239|-0.37884914875,-10.6185655594
2218 root_lllrrlrrll -10.6658630371,-6.30032205582|-4.10450410843,-4.95354223251
2270 root_lllrrlrrrr -6.77897930145,-3.59731554985|-4.57914876938,0.82695889473
2291 root_lllrrlrrrl -7.78680038452,-2.10626220703|-10.4904975891,-9.20355033875
