25
3 root_rrlrrllrrl 15.4690437317,9.49340248108|3.32221364975,-12.6279478073
168 root_rrlrrllrrl 16.7876605988,10.1824893951|1.59412181377,-11.2588682175
1519 root_rrlrrllrrl 19.2262115479,15.3218574524|0.881430208683,-11.2349472046
1913 root_rrlrrllrrl 16.4537811279,9.54236602783|-4.31839752197,-11.9899187088
501 root_rrlrrllrl 18.3135623932,9.1376543045|-7.65777444839,-17.2542591095
617 root_rrlrrllrl 17.7390956879,3.35755634308|-1.821179986,-17.0147075653
630 root_rrlrrllrl 19.3204059601,4.81834125519|2.28721952438,-10.6604509354
860 root_rrlrrllrl 19.7469501495,1.87627732754|-6.38735675812,-11.9204807281
1770 root_rrlrrllrl 14.1521568298,2.77137446404|2.60603642464,-11.5950145721
1987 root_rrlrrllrl 19.9024887085,3.17254662514|-8.65983963013,-16.6833229065
290 root_rrlrrlllr 14.9571628571,13.193198204|2.36106681824,-18.1631412506
553 root_rrlrrlllr 19.8234348297,13.6583185196|-8.14196586609,-17.6485366821
765 root_rrlrrlllr 12.3045959473,16.8568973541|-5.17348194122,-19.4835700989
2238 root_rrlrrlllr 17.3661193848,12.358130455|-6.68070554733,-19.2846374512
2278 root_rrlrrlllr 15.2802438736,12.9544878006|-2.00051259995,-18.814699173
975 root_rrlrrllrrr 9.30413913727,16.3977222443|1.96797502041,-17.4173717499
1426 root_rrlrrllrrr 9.52429294586,16.6651496887|-2.84925055504,-16.2923774719
1874 root_rrlrrllrrr 19.673822403,18.5647754669|0.164124011993,-10.9751529694
2201 root_rrlrrllrrr 11.3532323837,15.9322137833|1.42724072933,-16.9259700775
2280 root_rrlrrllrrr 12.9112062454,18.8418006897|-8.11627864838,-17.0052433014
63 root_rrlrrllll 11.2570075989,7.7582154274|-1.97229719162,-17.9900035858
1021 root_rrlrrllll 9.81548213959,2.54403710365|-7.05769968033,-18.3956336975
2247 root_rrlrrllll 10.963142395,1.25756597519|-3.59421253204,-17.8952465057
2300 root_rrlrrllll 16.0879669189,5.53223562241|-3.39427113533,-19.33203125
2346 root_rrlrrllrl 16.26953125,8.3074016571|-7.5299744606,-12.7862358093
