43
249 root_rlllrrrrr -13.6177482605,9.38480472565|8.68344593048,16.3622169495
294 root_rlllrrrrr -16.617307663,10.6561956406|18.8703746796,11.2527370453
397 root_rlllrrrrr -14.7572650909,11.2331352234|-18.4379463196,18.8709049225
786 root_rlllrrrrr -12.6234092712,9.30753993988|0.261304169893,16.8404579163
1211 root_rlllrrrrr -13.5100097656,10.9655189514|-10.1142063141,18.7801628113
109 root_rlllrrlll -19.8912353516,7.82091903687|6.77300739288,3.15311694145
298 root_rlllrrlll -17.4532623291,8.51855278015|-2.42046546936,6.06663179398
1906 root_rlllrrlll -12.0073261261,7.87017583847|-9.94561386108,3.75187492371
2035 root_rlllrrlll -19.8432769775,8.69457626343|-19.9035148621,-7.00144910812
278 root_rlllrrrll -18.8116149902,11.2083692551|18.5620384216,-15.7164707184
348 root_rlllrrrll -18.560842514,11.0813436508|-10.0878543854,-12.5608243942
535 root_rlllrrrll -18.7544212341,11.3401508331|8.50680541992,-16.7729244232
984 root_rlllrrrll -19.0339069366,9.7033624649|-2.46945953369,-12.6116056442
1998 root_rlllrrrll -19.9707317352,10.055229187|18.9066390991,-10.6399717331
93 root_rlllrrllr -17.7711658478,8.34499740601|7.71184015274,14.3607950211
1421 root_rlllrrllr -12.0231647491,8.64173126221|12.4560441971,6.69310808182
1838 root_rlllrrllr -11.6645812988,9.11727714539|1.41400432587,11.5900239944
1946 root_rlllrrllr -18.5771884918,9.1580324173|-6.30181121826,13.6747407913
2013 root_rlllrrllr -15.5976743698,8.44658565521|1.0888479948,9.96846008301
261 root_rlllrrrlr -19.8428535461,10.7626590729|-9.0210943222,-6.01817703247
478 root_rlllrrrlr -19.5698738098,11.4353342056|-4.2287979126,-5.11617517471
1111 root_rlllrrrlr -13.8693695068,9.93357181549|-17.9737892151,-0.725743055344
1262 root_rlllrrrlr -13.6218242645,11.4438848495|-18.5520172119,-1.93935406208
1650 root_rlllrrrlr -17.5621948242,10.6708478928|-7.56995296478,-8.53704452515
1942 root_rlllrrrlr -13.7899990082,10.6283664703|-6.67357349396,-9.63397598267
337 root_rlllrrrrl -17.1144485474,10.1555318832|-17.4632720947,4.33066368103
399 root_rlllrrrrl -17.222612381,9.53123664856|-7.36644935608,8.85232257843
1176 root_rlllrrrrl -12.3794155121,10.8002910614|-13.8488969803,6.73731040955
1538 root_rlllrrrrl -17.6352043152,9.93837738037|13.6952571869,10.2288036346
1883 root_rlllrrrrl -12.6807022095,9.57168865204|-17.0459728241,7.52530622482
216 root_rlllrrlr -12.5584859848,9.21748733521|19.418554306,12.7254610062
746 root_rlllrrlr -16.8533840179,8.8729391098|15.1033325195,-6.83714771271
750 root_rlllrrlr -15.1815814972,8.23948764801|17.6632766724,2.78442120552
1025 root_rlllrrlr -12.8089408875,7.79697847366|19.1667251587,-11.8534383774
1733 root_rlllrrlr -14.2195339203,7.97883081436|15.5877084732,19.3233242035
1806 root_rlllrrlr -12.1513252258,7.99443054199|17.1378955841,-10.5350990295
2091 root_rlllrrrrl -15.5430355072,10.2584075928|-1.25629293919,6.82922887802
2123 root_rlllrrlll -17.749256134,7.93040990829|8.9376039505,-10.5880174637
2188 root_rlllrrrll -13.6362924576,11.1461362839|-6.78627824783,-19.0612163544
2219 root_rlllrrrlr -18.9867038727,10.1246452332|-11.1599960327,-5.83600521088
2239 root_rlllrrrrr -12.6045312881,9.4862909317|16.8953037262,11.8870458603
2266 root_rlllrrrlr -19.9182472229,11.1400403976|-12.5544977188,-1.3683784008
2333 root_rlllrrrll -15.2890510559,10.2018222809|14.7406072617,-18.7252941132
