42
562 root_rrrrrlrrll -0.243486702442,13.2767429352|12.6509809494,16.8743362427
674 root_rrrrrlrrll -0.717544436455,19.363035202|7.49403619766,16.8039093018
773 root_rrrrrlrrll -1.39618241787,3.79873871803|14.2796430588,14.8883666992
1080 root_rrrrrlrrll -0.303315043449,5.21920633316|7.82037448883,14.5244560242
326 root_rrrrrlrrrr 6.88736867905,19.1011810303|5.84401226044,18.9921379089
497 root_rrrrrlrrrr 9.13605690002,10.5559740067|15.1931705475,19.0661220551
755 root_rrrrrlrrrr 3.93830418587,17.4945144653|10.8941440582,18.8182201385
826 root_rrrrrlrrrr 8.43862819672,19.8647613525|18.2972507477,18.3299884796
878 root_rrrrrlrrrr 5.96631765366,11.9442529678|12.4315090179,18.9968395233
1285 root_rrrrrlrrrr 4.60985517502,8.68408298492|6.26973247528,19.1955394745
1380 root_rrrrrlrrrr 2.65455245972,0.420700103045|6.93869781494,18.6168556213
1608 root_rrrrrlrrrr 6.1755490303,18.6527290344|16.8252315521,18.7512397766
387 root_rrrrrlrrrlr 3.62574148178,12.2211685181|9.91546726227,15.3342952728
472 root_rrrrrlrrrlr 6.03510665894,9.05302810669|7.24558210373,13.844288826
996 root_rrrrrlrrrlr 7.00492858887,17.3112239838|12.8744354248,14.3695669174
997 root_rrrrrlrrrlr 1.95176804066,18.0578765869|6.50750494003,17.7577285767
1196 root_rrrrrlrrrlr 6.38242530823,12.998755455|11.29646492,18.0470943451
1393 root_rrrrrlrrrlr 3.48499488831,17.7967605591|8.59306430817,17.1041030884
1855 root_rrrrrlrrrlr 3.54241228104,19.5705013275|12.5886459351,17.6557674408
2115 root_rrrrrlrrrlr 7.52578401566,17.0355968475|7.08868312836,17.7151107788
597 root_rrrrrlrrrllr 2.28114843369,1.5802885294|17.0233707428,17.9407081604
1126 root_rrrrrlrrrllr 3.37293124199,8.27274513245|11.6811037064,16.1561603546
1415 root_rrrrrlrrrllr 6.4063911438,5.43170595169|16.957075119,15.713596344
1645 root_rrrrrlrrrllr 8.85010623932,2.17941951752|19.2119979858,14.6018075943
2286 root_rrrrrlrrrllr 8.73444652557,6.88098859787|15.2626028061,14.2860479355
780 root_rrrrrlrrrlll 7.7349820137,5.32502746582|17.5210647583,13.7223644257
920 root_rrrrrlrrrlll 7.77356481552,6.32561016083|7.46989107132,12.7489881516
1241 root_rrrrrlrrrlll 3.62357950211,1.18640327454|16.7507362366,13.8059158325
2051 root_rrrrrlrrrlll 7.19586420059,4.50382852554|16.2622108459,13.9293317795
124 root_rrrrrlrrlr 1.20937049389,-0.00371312722564|8.57249069214,13.5024185181
691 root_rrrrrlrrlr 1.57997846603,-0.835637748241|6.74574279785,17.4078102112
728 root_rrrrrlrrlr 0.537746727467,0.783944487572|5.80504417419,18.3878192902
1272 root_rrrrrlrrlr 1.39516329765,0.869369089603|14.6868534088,16.736989975
1324 root_rrrrrlrrlr 0.890832006931,7.07591962814|6.15790128708,13.084813118
97 root_rrrrrlrl 1.92626881599,13.8726320267|0.647818148136,12.9450616837
133 root_rrrrrlrl 7.28518199921,4.31956768036|5.73269462585,14.6838102341
323 root_rrrrrlrl -1.76220607758,11.370511055|3.3916246891,16.2129116058
525 root_rrrrrlrl 0.746719300747,17.1028213501|2.86233186722,12.7075834274
1307 root_rrrrrlrl 2.34366250038,16.8835697174|0.902232944965,16.8433685303
1622 root_rrrrrlrl 6.82739162445,6.29634571075|5.37836122513,13.7183704376
2170 root_rrrrrlrl 7.65666723251,1.89883649349|2.52592611313,17.3815536499
2293 root_rrrrrlrrlr 1.67655575275,0.824377477169|10.058465004,18.7016143799
