31
253 root_lllrrllrrr -9.61053180695,-8.0280046463|-0.874866783619,-15.2684707642
1101 root_lllrrllrrr -6.27586936951,-5.34337759018|-2.08881640434,-17.5854454041
1647 root_lllrrllrrr -4.97975444794,-5.64826965332|-1.74393439293,-13.592171669
2058 root_lllrrllrrr -9.84498691559,-3.88069319725|-4.78090858459,-15.9961137772
2105 root_lllrrllrrr -12.1627397537,-5.24506568909|-0.959129095078,-18.8236103058
565 root_lllrrllllr -16.234790802,-8.30600070953|-9.83128738403,-19.2462806702
660 root_lllrrllllr -19.9477424622,-1.87614011765|-9.77464962006,-13.9410591125
808 root_lllrrllllr -15.2071723938,-5.37191009521|0.986701011658,-16.6534347534
1315 root_lllrrllllr -14.7674369812,-2.92727279663|-4.41264772415,-18.2611675262
1974 root_lllrrllllr -14.5227003098,-5.71573591232|-10.9287080765,-15.5591678619
352 root_lllrrllrrl -10.7549743652,-7.312687397|-4.97609376907,-17.4331607819
557 root_lllrrllrrl -12.1582965851,-8.1847820282|-8.62051677704,-15.563627243
1780 root_lllrrllrrl -8.37286663055,-7.1361784935|-16.9098014832,-12.855052948
2011 root_lllrrllrrl -11.7036275864,-1.0793350935|-11.2493438721,-13.0707845688
151 root_lllrrlllr -18.6479187012,-5.25825023651|-17.8743591309,-12.6550035477
284 root_lllrrlllr -19.3303184509,-4.85101604462|-1.1171643734,-12.5893888474
528 root_lllrrlllr -14.426115036,-1.62756204605|-16.7815914154,-13.4925308228
690 root_lllrrlllr -14.7742300034,-4.21970748901|-14.4187040329,-11.5560750961
815 root_lllrrlllr -19.7616443634,-4.62761592865|-15.8476877213,-13.1749210358
994 root_lllrrlllr -15.6203670502,-1.75512886047|0.510895192623,-11.7421340942
1290 root_lllrrlllr -14.9144630432,-7.12681055069|-15.3946657181,-13.6901245117
1397 root_lllrrlllr -17.2043247223,-4.86043405533|-14.3006868362,-13.1119470596
429 root_lllrrlllll -18.695684433,-4.03531265259|-14.7562580109,-18.2343559265
1261 root_lllrrlllll -18.9720497131,-2.42182898521|-19.3064002991,-17.899597168
1467 root_lllrrlllll -14.8569536209,-5.74248504639|-18.5588474274,-17.9814720154
2003 root_lllrrlllll -17.3728637695,-4.44102048874|-11.9648580551,-19.1296634674
165 root_lllrrllrl -14.2719841003,-5.1818561554|-11.7627124786,-12.9024114609
442 root_lllrrllrl -12.4167003632,-4.36924886703|-4.191177845,-16.0571327209
464 root_lllrrllrl -13.2653408051,-2.12495803833|-10.311750412,-10.9511137009
1339 root_lllrrllrl -13.6875333786,-6.95985412598|-4.12016010284,-11.7963352203
2221 root_lllrrllrrl -9.81103610992,-6.73770999908|-17.6924514771,-12.8943996429
