33
192 root_rrrllrllr 15.8290061951,4.05020475388|6.7487654686,9.80969047546
926 root_rrrllrllr 12.2832603455,1.96880745888|6.24762821198,9.680768013
1277 root_rrrllrllr 10.4450416565,7.54452514648|-3.68178415298,8.34089756012
1332 root_rrrllrllr 8.20935821533,3.62927794456|-5.91810178757,9.96705532074
1417 root_rrrllrllr 14.4430036545,6.55616235733|7.62878417969,7.93056678772
1771 root_rrrllrllr 7.36576414108,3.18141770363|7.50986242294,10.0403223038
2154 root_rrrllrllr 4.70007181168,2.43641471863|-2.95353794098,7.71052694321
2197 root_rrrllrllr 12.0950059891,-0.352601379156|-14.3846206665,9.21826076508
206 root_rrrllrrr 17.5139293671,1.02252411842|19.3311367035,5.45493412018
490 root_rrrllrrr 10.805188179,5.03617095947|17.6914749146,6.61872959137
544 root_rrrllrrr 9.13303947449,6.15061092377|16.2077236176,2.05685639381
849 root_rrrllrrr 13.248503685,1.92175352573|15.1169586182,4.08796834946
981 root_rrrllrrr 11.7901229858,-0.380905836821|19.3715496063,6.15259313583
1807 root_rrrllrrr 15.3674793243,2.44900846481|16.4575996399,9.96462726593
2244 root_rrrllrrr 12.2350301743,-0.818869292736|17.1477909088,4.88229942322
304 root_rrrllrlr 18.2894248962,-0.663520038128|-3.15703582764,8.84757328033
513 root_rrrllrlr 18.9734020233,3.14905691147|-14.7547883987,5.5962562561
548 root_rrrllrlr 17.6514225006,0.653956830502|-18.0362892151,3.45963025093
1136 root_rrrllrlr 19.26603508,7.3606672287|4.35485696793,6.56721687317
1239 root_rrrllrlr 17.5271396637,-0.40226906538|5.55278921127,7.03924560547
1851 root_rrrllrlr 16.6859302521,1.33237469196|3.88891458511,4.09917831421
2328 root_rrrllrlr 16.7941970825,7.10164070129|4.65466976166,4.26303720474
42 root_rrrllrrl 5.0217962265,2.95929145813|10.0366458893,9.58589076996
144 root_rrrllrrl 13.5825481415,4.29873895645|13.9683790207,6.65988063812
205 root_rrrllrrl 19.8253993988,5.90581130981|9.37328338623,5.31301116943
1437 root_rrrllrrl 13.2470798492,4.6919631958|13.6668844223,3.72572016716
1863 root_rrrllrrl 9.62824726105,2.14455866814|8.80706214905,2.2822675705
1899 root_rrrllrrl 17.8668899536,3.69299578667|11.4194164276,2.45089793205
306 root_rrrllrlll 10.5891885757,4.48527240753|7.95513439178,2.169475317
1355 root_rrrllrlll 9.81147289276,7.17489147186|1.22103393078,6.0237827301
1359 root_rrrllrlll 3.33979105949,5.89622449875|-1.12205994129,5.83451128006
1599 root_rrrllrlll 9.79060649872,7.81265258789|3.35811424255,3.98617339134
1749 root_rrrllrlll 15.2866010666,1.4192224741|-6.14300632477,2.36008167267
