10
121 root_rrrlrlr 6.13781785965,9.1398267746|7.81284093857,4.81936502457
174 root_rrrlrlr 4.38930416107,9.17868518829|13.2915439606,9.81402301788
546 root_rrrlrlr 16.1472415924,9.51413822174|-17.2581329346,9.895195961
749 root_rrrlrlr 1.48303794861,9.13057136536|15.3023290634,10.0530290604
1389 root_rrrlrlr 5.50667619705,8.8438129425|-4.09312057495,6.92341423035
36 root_rrrlrll 7.36688661575,9.29503059387|3.27255940437,2.55164337158
131 root_rrrlrll 5.64718675613,8.44501686096|19.371465683,3.25949501991
647 root_rrrlrll 6.32772779465,8.86213302612|-1.80350399017,2.39987897873
1059 root_rrrlrll 19.8906917572,8.72113990784|4.67750644684,4.05898571014
2129 root_rrrlrll 13.8595685959,8.5591840744|17.1753559113,3.17294764519
