49
451 root_rrrrrrrrrll 17.454536438,17.3190975189|-3.86276078224,13.0966300964
1914 root_rrrrrrrrrll 13.9729175568,19.0211734772|0.642903983593,12.8531227112
2139 root_rrrrrrrrrll 13.8721551895,17.6000022888|7.80394744873,13.0411758423
2162 root_rrrrrrrrrll 19.8367271423,19.8108043671|-11.5624713898,12.9926347733
202 root_rrrrrrrrlr 14.8824243546,11.9343214035|9.30876922607,13.3294172287
217 root_rrrrrrrrlr 19.8776798248,12.5543985367|-0.696746945381,15.567117691
619 root_rrrrrrrrlr 13.5882616043,12.6508111954|-5.93635177612,13.3404073715
718 root_rrrrrrrrlr 13.7977151871,12.4856700897|-17.6571903229,17.946472168
879 root_rrrrrrrrlr 18.3752403259,11.5970821381|4.89650297165,17.8693904877
1803 root_rrrrrrrrlr 16.2907791138,11.8306655884|-19.3812732697,13.2795085907
486 root_rrrrrrrrrrr 17.3187484741,19.4898891449|-4.12619781494,16.3692855835
646 root_rrrrrrrrrrr 16.0715522766,13.2747468948|-5.09309196472,16.6027050018
1266 root_rrrrrrrrrrr 14.5250473022,15.0253896713|-11.5213518143,17.2705974579
1626 root_rrrrrrrrrrr 18.0393199921,19.26121521|10.9583463669,18.2385349274
1995 root_rrrrrrrrrrr 17.2511386871,19.4422245026|-6.51386451721,16.6420478821
2076 root_rrrrrrrrrrr 14.2026882172,17.2796916962|11.9676113129,17.7203273773
183 root_rrrrrrrlr 13.454492569,8.73982143402|16.5973625183,17.6684608459
271 root_rrrrrrrlr 18.7431221008,6.97676849365|-2.62546277046,14.464553833
500 root_rrrrrrrlr 19.5399837494,3.38514971733|19.3636322021,14.4638118744
953 root_rrrrrrrlr 15.0964536667,6.25896883011|-10.2496423721,12.778421402
1457 root_rrrrrrrlr 18.8060779572,8.30180168152|2.33372044563,16.1737232208
1728 root_rrrrrrrlr 17.1027584076,8.71259307861|13.6660404205,18.2846183777
2019 root_rrrrrrrlr 18.4988517761,4.63831186295|-2.89107751846,14.670372963
697 root_rrrrrrrrrlr 14.1395835876,19.3413391113|17.6561450958,15.0708036423
971 root_rrrrrrrrrlr 13.4428453445,13.9795665741|-14.0105876923,14.7966651917
1006 root_rrrrrrrrrlr 17.0514907837,18.6897296906|-14.7165441513,14.3472681046
1627 root_rrrrrrrrrlr 19.3317680359,15.9042387009|-14.7449092865,13.1491947174
1754 root_rrrrrrrrrlr 16.7762794495,13.8396606445|17.7926292419,13.9298181534
9 root_rrrrrrrll 19.390838623,2.79731583595|-5.5826292038,14.0650644302
190 root_rrrrrrrll 17.3261814117,3.04499411583|12.4453954697,18.9439888
1333 root_rrrrrrrll 19.2715320587,-0.254915475845|13.1942691803,16.5171909332
1434 root_rrrrrrrll 17.3364887238,-0.707154035568|-16.2681274414,19.1584186554
1557 root_rrrrrrrll 18.5673027039,1.80409908295|8.38475894928,13.7210292816
17 root_rrrrrrrrll 18.0916423798,9.30096244812|16.6697425842,15.371515274
433 root_rrrrrrrrll 14.1603975296,9.2494134903|-1.07466566563,17.6889266968
1008 root_rrrrrrrrll 19.0275363922,11.3611927032|18.7529335022,16.7693939209
1193 root_rrrrrrrrll 17.5954456329,11.4411039352|15.153049469,16.658657074
1249 root_rrrrrrrrll 17.5060958862,11.2345352173|13.8551282883,15.2203817368
1752 root_rrrrrrrrll 16.7505741119,10.4960803986|-0.7227242589,16.4473438263
1860 root_rrrrrrrrll 16.6953811646,9.46501541138|11.1432533264,14.8711051941
386 root_rrrrrrrrrrl 19.4158668518,12.8263654709|-11.2676000595,15.4335803986
427 root_rrrrrrrrrrl 18.8700294495,19.0129451752|18.1617355347,15.5556983948
454 root_rrrrrrrrrrl 13.3821611404,15.1416950226|-7.34474086761,16.2277050018
1068 root_rrrrrrrrrrl 18.4700431824,15.9500198364|15.3041543961,16.127620697
2200 root_rrrrrrrlr 13.1503381729,5.64638757706|-5.17971754074,13.2302684784
2248 root_rrrrrrrrrlr 19.097612381,19.5692405701|-10.9876441956,13.8250656128
2329 root_rrrrrrrrrrr 14.4598836899,18.712059021|-7.78786754608,16.3588352203
2335 root_rrrrrrrrrrr 16.269071579,13.1777820587|-14.2527523041,18.517244339
2336 root_rrrrrrrll 19.2467784882,1.19478082657|16.3075084686,12.696018219
