25
142 root_rlrrrrlllr -7.47534608841,11.4710826874|-1.93057882786,5.52683830261
640 root_rlrrrrlllr -6.8101143837,12.688533783|-6.96849822998,8.32978630066
1116 root_rlrrrrlllr -2.55031299591,9.82851600647|-8.15308380127,9.88498878479
1406 root_rlrrrrlllr -2.10329675674,12.4738779068|-6.87032365799,7.51177072525
1533 root_rlrrrrlllr -6.15463972092,13.0527572632|-9.49306488037,7.609603405
1554 root_rlrrrrlllr -9.13044452667,11.894068718|-3.3178756237,8.06541538239
1011 root_rlrrrrllllr -6.48949337006,6.21409320831|1.21389424801,7.9022603035
1093 root_rlrrrrllllr -2.85109424591,9.35806179047|-11.3433465958,8.18153953552
1230 root_rlrrrrllllr -4.77253580093,7.59133768082|-10.4488706589,9.22180843353
1707 root_rlrrrrllllr -4.15717601776,5.8798699379|-1.25390768051,8.05598163605
1832 root_rlrrrrllllr -6.80938768387,5.27367019653|-13.8083496094,7.78523015976
92 root_rlrrrrllr -6.41414642334,7.65585041046|4.73174238205,11.0102348328
324 root_rlrrrrllr -7.44823503494,11.2610931396|13.527264595,6.00337171555
343 root_rlrrrrllr -8.38446044922,9.18916893005|3.14045453072,11.3276004791
582 root_rlrrrrllr -8.1637134552,2.33640646935|17.2508640289,6.97108507156
775 root_rlrrrrllr -8.55962848663,11.9387378693|15.590133667,8.55181312561
1597 root_rlrrrrllr -5.76512908936,7.63563537598|13.7130479813,9.22750377655
1470 root_rlrrrrlllll -2.76981091499,2.2836098671|-6.13728666306,11.3378505707
1562 root_rlrrrrlllll -4.20403575897,-0.693759143353|-8.73230266571,10.2049074173
1616 root_rlrrrrlllll -5.02734470367,2.75830125809|-2.64054250717,6.43898963928
1736 root_rlrrrrlllll -3.62757849693,0.149123042822|-3.83676958084,7.44432163239
1852 root_rlrrrrllllr -3.34361505508,8.45753192902|-7.96339797974,9.99290847778
1908 root_rlrrrrllllr -3.6612701416,4.36769342422|-9.2064332962,11.3625030518
2114 root_rlrrrrlllll -7.78008127213,3.23213863373|-6.00282812119,7.37626123428
2152 root_rlrrrrllr -3.3342962265,-0.43749538064|16.5648765564,10.0643720627
