34
363 root_rllrrrlr -13.4327087402,18.8323631287|15.2476234436,-11.3089208603
692 root_rllrrrlr -12.6586523056,12.2515974045|11.2572784424,-10.4388828278
931 root_rllrrrlr -13.2489080429,16.9578666687|6.58767557144,-18.7363414764
1203 root_rllrrrlr -11.8983879089,12.0655565262|-7.12603235245,-8.63815975189
1496 root_rllrrrlr -12.5878868103,16.2151603699|-6.55748033524,-16.8007106781
1997 root_rllrrrlr -12.6492843628,11.4932889938|18.0453224182,-11.6562414169
2167 root_rllrrrlr -12.5534906387,17.978307724|-1.69509088993,-17.6709747314
244 root_rllrrrrlrr -13.4922504425,16.5992050171|-1.03178632259,7.1514749527
820 root_rllrrrrlrr -13.556886673,19.3570766449|3.24827122688,7.24135017395
1138 root_rllrrrrlrr -12.6190624237,17.5997085571|15.1269807816,18.0519542694
1936 root_rllrrrrlrr -13.583612442,17.389131546|-3.89433240891,13.6009044647
2203 root_rllrrrrlrr -13.3112468719,15.0523300171|12.110543251,13.2324085236
123 root_rllrrrrlrl -12.9559316635,18.5563869476|-13.5156984329,14.622461319
1108 root_rllrrrrlrl -13.1840114594,16.2292232513|-17.5449848175,7.2679476738
1896 root_rllrrrrlrl -13.0681219101,12.6733121872|-10.3510189056,18.5358295441
2176 root_rllrrrrlrl -13.7156219482,13.1630105972|-18.6141910553,19.150270462
400 root_rllrrrrll -12.7699756622,19.9807376862|18.7705821991,-4.08946084976
715 root_rllrrrrll -13.7246084213,17.1029090881|-17.9617538452,-5.60835504532
1325 root_rllrrrrll -12.5524215698,12.7662696838|-14.4402894974,6.4666557312
1619 root_rllrrrrll -13.2672595978,17.4656181335|-10.3557415009,-0.7396068573
1727 root_rllrrrrll -13.5521736145,13.7056379318|16.9335079193,0.743472874165
68 root_rllrrrll -13.3338718414,18.7852172852|-14.557384491,-17.4367733002
269 root_rllrrrll -13.5434141159,18.9785442352|-18.2044067383,-18.5343475342
521 root_rllrrrll -13.0716295242,15.1572351456|-14.7261228561,-15.6416139603
1366 root_rllrrrll -12.4208517075,15.8117923737|-19.1352958679,-11.4702768326
41 root_rllrrrrr -11.9017333984,15.229801178|-14.2696170807,4.48123598099
514 root_rllrrrrr -12.1830148697,14.7264709473|-7.27006864548,8.07322978973
572 root_rllrrrrr -12.2975606918,14.9083347321|-13.0100126266,9.5771150589
591 root_rllrrrrr -12.0454645157,14.4831180573|9.8798789978,9.61942100525
737 root_rllrrrrr -11.5694971085,12.1674175262|-15.9552364349,5.66848134995
1047 root_rllrrrrr -11.5405712128,17.7425251007|19.3061962128,6.07881450653
1238 root_rllrrrrr -12.5011329651,13.0968112946|-7.49874973297,13.3360042572
1772 root_rllrrrrr -12.2222366333,12.7616710663|2.45377039909,2.97101163864
2263 root_rllrrrlr -13.1537408829,18.8737182617|17.6416854858,-18.0606613159
