50
29 root_llrrllr -14.0348310471,-1.55305504799|-12.9785060883,11.0128669739
223 root_llrrllr -8.07485485077,-2.59773254395|-17.9024791718,18.113451004
1003 root_llrrllr -10.0523271561,-3.16342449188|-15.610212326,18.098493576
1737 root_llrrllr -13.3299655914,-1.37729096413|-12.157995224,7.36808252335
2070 root_llrrllr -6.49016714096,-2.97239732742|-18.4161167145,11.8375453949
110 root_llrrrlrr -8.69077110291,-8.53541755676|9.32768726349,15.8960733414
380 root_llrrrlrr -12.2220239639,-5.13388061523|14.2982559204,16.5322284698
683 root_llrrrlrr -18.0732841492,-8.34171295166|15.0142450333,6.24092626572
1039 root_llrrrlrr -12.5050401688,-7.34033203125|17.6762714386,15.4886865616
2092 root_llrrrlrr -10.5870847702,-5.48733854294|9.74284553528,9.16725730896
94 root_llrrrrl -7.78484201431,-3.68206858635|10.6379652023,18.563911438
315 root_llrrrrl -7.73222923279,-5.09998941422|1.9730373621,18.3921890259
1917 root_llrrrrl -18.3419742584,-4.92767286301|16.7446060181,13.8147344589
2002 root_llrrrrl -11.2486200333,-3.22238302231|-1.1698539257,17.9042110443
28 root_llrrrrr -18.2683258057,-1.44003212452|5.05576229095,14.811841011
390 root_llrrrrr -4.95058870316,-3.18020367622|8.24250030518,13.1296415329
405 root_llrrrrr -10.6400518417,-1.64783799648|9.01192951202,12.2437934875
708 root_llrrrrr -15.7860536575,-1.52281165123|8.37872123718,16.1149673462
853 root_llrrrrr -15.9504013062,-2.44040441513|2.26808357239,19.4174957275
570 root_llrrrll -16.2848529816,-8.60671710968|1.44957149029,14.4440031052
583 root_llrrrll -6.50776529312,-8.23960590363|-0.48472777009,5.74655771255
681 root_llrrrll -14.2668027878,-8.5092716217|-0.0852982029319,15.7226495743
794 root_llrrrll -7.77904558182,-7.69458436966|-1.09843194485,8.68247127533
1302 root_llrrrll -19.9020271301,-6.66547107697|-1.60674726963,13.3618841171
263 root_llrrlrl -16.2864093781,-7.12622404099|-7.76413965225,18.6986484528
440 root_llrrlrl -17.0814609528,-4.37995004654|-5.68597698212,12.9029989243
1260 root_llrrlrl -19.8171749115,-8.59885120392|-2.25378203392,14.8846883774
1274 root_llrrlrl -18.4714508057,-3.20908641815|-3.27768945694,7.99215078354
1338 root_llrrlrl -16.498916626,-7.26650094986|-2.51355433464,10.5481939316
1347 root_llrrlrl -16.7411231995,-8.6305770874|-9.17494869232,17.8655529022
1889 root_llrrlrl -18.1101016998,-6.35200786591|-6.63780832291,10.7059803009
170 root_llrrrlrl -8.04734897614,-8.71081924438|2.39730405807,14.2473468781
201 root_llrrrlrl -5.08551597595,-8.105676651|1.94577276707,6.26271533966
1365 root_llrrrlrl -7.59772968292,-8.45412731171|4.89386796951,19.3486156464
1935 root_llrrrlrl -6.98862123489,-8.45749378204|6.09045362473,11.8509426117
79 root_llrrlrr -13.5200624466,-3.40049934387|-5.22863674164,12.0708665848
611 root_llrrlrr -5.58809947968,-7.34390306473|-1.76921093464,8.02114486694
656 root_llrrlrr -14.1500940323,-8.81129646301|-2.69680500031,19.2626361847
1088 root_llrrlrr -9.46722793579,-4.74816846848|-7.80947113037,16.0450401306
1180 root_llrrlrr -8.13919353485,-1.05704391003|-3.59776735306,7.68996191025
2084 root_llrrlrr -8.68721675873,-6.74892854691|-6.34790706635,7.46233797073
649 root_llrrlll -17.1615562439,-8.08637046814|-12.3015823364,18.9915180206
695 root_llrrlll -19.389881134,-4.38046503067|-18.2262802124,9.20925807953
1853 root_llrrlll -15.5470905304,-8.7008600235|-14.7514162064,10.1048870087
1900 root_llrrlll -6.75712966919,-7.53577852249|-18.8269367218,12.9281578064
2099 root_llrrlrr -14.1989326477,-2.48824691772|-7.64338254929,18.2761211395
2177 root_llrrllr -11.3390436172,-2.31904506683|-13.7262372971,12.6673727036
2185 root_llrrrrr -14.473233223,-1.66784060001|7.77316665649,9.9047164917
2208 root_llrrrlrr -10.9730129242,-8.31870746613|17.5446987152,12.9520521164
2341 root_llrrrlrr -18.5024166107,-6.70093584061|15.2465047836,12.3017835617
