27
162 root_lrllrllrl 15.1499032974,-14.1692333221|-11.3536977768,-13.23782444
703 root_lrllrllrl 13.3317451477,-19.3106403351|-13.2743358612,-15.1776695251
713 root_lrllrllrl 13.3782157898,-15.0465955734|-12.6839599609,-10.024846077
1222 root_lrllrllrl 15.335600853,-19.9550991058|-13.3947658539,-5.51135110855
1837 root_lrllrllrl 11.3136453629,-16.4304122925|-11.6718072891,-15.5744695663
1939 root_lrllrllrl 10.4027004242,-13.9040718079|-11.4778862,8.91266155243
1944 root_lrllrllrl 15.9069070816,-13.590130806|-13.0626039505,-11.2648420334
1965 root_lrllrllrl 11.9499349594,-17.866765976|-11.7101831436,1.04600739479
108 root_lrllrlllr 14.9441680908,-13.6077108383|-17.3906402588,-6.94971656799
502 root_lrllrlllr 14.489616394,-17.4921550751|-15.676320076,3.71800541878
1618 root_lrllrlllr 15.0009584427,-19.5414810181|-14.7117128372,15.8622283936
1659 root_lrllrlllr 14.8189029694,-13.9883127213|-18.1252593994,13.0647726059
1829 root_lrllrlllr 13.7537918091,-18.0393257141|-17.3617191315,5.02896499634
234 root_lrllrllll 13.6500968933,-16.8492717743|-19.2596511841,11.1402053833
724 root_lrllrllll 10.3612947464,-16.9482688904|-13.7988138199,-3.35582971573
1035 root_lrllrllll 11.285774231,-14.9809494019|-16.8667545319,-10.8550958633
1553 root_lrllrllll 12.7395534515,-15.1351079941|-13.904091835,-0.367680519819
1920 root_lrllrllll 11.0658254623,-16.2159366608|-14.2617025375,-6.11105775833
86 root_lrllrllrr 10.3571681976,-13.3707809448|-8.78540802002,-18.7298984528
938 root_lrllrllrr 11.5906658173,-16.4617576599|-10.2610740662,17.0552711487
1294 root_lrllrllrr 16.9694156647,-18.6834564209|-8.72486305237,9.39602851868
1479 root_lrllrllrr 15.2326335907,-18.4751300812|-11.1235866547,18.409702301
1596 root_lrllrllrr 13.2870569229,-15.9942750931|-8.01751995087,-18.009016037
1696 root_lrllrllrr 13.4462862015,-19.6160526276|-9.05471229553,-13.7949466705
1876 root_lrllrllrr 15.8133363724,-18.6713619232|-7.08915615082,2.94610404968
2103 root_lrllrlllr 15.2014846802,-18.2697601318|-19.4226207733,1.70332694054
2251 root_lrllrlllr 16.4323196411,-19.8474597931|-18.9213790894,-8.00438213348
