31
477 root_lrrrlrlrrr 4.88280391693,-3.86935400963|13.7900056839,-9.62728691101
803 root_lrrrlrlrrr 15.5605659485,-2.66787290573|13.1237134933,-1.26830613613
1892 root_lrrrlrlrrr 11.1924972534,-8.98893070221|13.2881717682,-11.8180809021
2212 root_lrrrlrlrrr 14.8602695465,-7.4458899498|13.6568546295,9.05182552338
2275 root_lrrrlrlrrr 17.7872695923,-6.23219585419|12.9158201218,0.442203938961
881 root_lrrrlrllrl 3.19692015648,-1.8447701931|12.5065364838,-7.67534732819
1438 root_lrrrlrllrl -3.85422086716,-9.1179561615|12.7476234436,4.62819337845
2027 root_lrrrlrllrl 1.57134127617,-1.06471145153|12.4292926788,2.13870167732
2205 root_lrrrlrllrl 8.96544742584,-1.48050737381|12.1991920471,4.60110807419
98 root_lrrrlrlll 15.4636964798,-1.38134026527|12.6211261749,-15.7654695511
435 root_lrrrlrlll 12.6015329361,-16.5586795807|12.1715564728,-17.4648323059
889 root_lrrrlrlll 1.97338056564,-5.76892328262|12.6689329147,-12.6091279984
1142 root_lrrrlrlll 9.21174430847,-8.75444984436|12.6320133209,-9.58999347687
1823 root_lrrrlrlll 7.86788463593,-15.9552679062|12.7840633392,-18.271812439
2088 root_lrrrlrlll 16.9604473114,-2.6703119278|12.5326395035,-9.99353504181
2334 root_lrrrlrlll -2.18692088127,-16.3362255096|12.2604722977,-17.7595710754
140 root_lrrrlrlrrl 17.6930999756,-18.7445888519|13.377828598,13.2981748581
1070 root_lrrrlrlrrl 12.9313192368,-10.5545253754|13.6661558151,15.3275718689
1877 root_lrrrlrlrrl 9.65612506866,-19.3282718658|12.8892192841,-16.0230293274
2252 root_lrrrlrlrrl 5.71652650833,-17.2824745178|13.1326179504,-8.20785713196
763 root_lrrrlrllrr 13.2218008041,-17.5794086456|12.5880851746,-5.74794340134
907 root_lrrrlrllrr 17.8161296844,-18.9595603943|12.1874856949,-0.907210230827
1110 root_lrrrlrllrr 13.060874939,-10.5803613663|12.2185792923,3.06753396988
1932 root_lrrrlrllrr 18.0764141083,-8.44625091553|12.157907486,17.6975154877
2121 root_lrrrlrllrr 17.2367248535,-6.2337884903|12.1177062988,-0.731023192406
2315 root_lrrrlrllrr 19.9619693756,-15.1399383545|12.2663660049,-1.29866719246
231 root_lrrrlrlrl 0.0136036425829,-10.5487384796|13.7952041626,-19.4205684662
252 root_lrrrlrlrl -0.400461912155,-15.7653465271|13.6815900803,-19.1418762207
932 root_lrrrlrlrl 2.86919808388,-4.88202857971|13.383392334,-19.5039863586
1372 root_lrrrlrlrl 16.9241867065,-16.9859676361|13.5373535156,-18.266828537
2028 root_lrrrlrlrl 15.9721431732,-19.3109436035|13.1881113052,-18.7564125061
