18
447 root_lllllrrl -13.4252977371,-16.3929424286|16.702419281,-19.3557300568
600 root_lllllrrl -16.4212989807,-16.6852016449|16.082365036,-17.2492446899
1044 root_lllllrrl -16.9417591095,-16.2949352264|19.4348659515,-9.21346378326
2078 root_lllllrrl -16.381893158,-16.8831138611|19.2045574188,-8.44148159027
59 root_lllllrl -18.3943481445,-17.1690616608|4.87293195724,-8.3234539032
264 root_lllllrl -5.17376661301,-18.7725963593|9.44012737274,-14.2432250977
291 root_lllllrl -6.27193260193,-17.6878414154|7.84245491028,-18.1839294434
866 root_lllllrl -16.55727005,-15.4179029465|3.5030939579,-14.8278341293
1083 root_lllllrl -19.2526397705,-19.9197540283|4.93664503098,-11.2048997879
1161 root_lllllrl -13.616440773,-18.8951625824|10.614027977,-12.114774704
2057 root_lllllrl -16.1384792328,-16.5401210785|2.69944477081,-14.7180261612
235 root_lllllrrr -8.66735172272,-14.3540668488|13.1506137848,-16.5481109619
883 root_lllllrrr -11.3152751923,-13.2481107712|13.4896850586,-10.5637121201
1053 root_lllllrrr -9.27349948883,-15.5328054428|15.9373121262,-16.3459682465
1652 root_lllllrrr -8.83306694031,-16.2665176392|17.4491157532,-13.0635757446
1867 root_lllllrrr -10.4670543671,-15.5060148239|11.6426401138,-10.0065498352
2220 root_lllllrrr -18.182056427,-13.3701305389|13.398522377,-15.5961284637
2234 root_lllllrrr -14.4563703537,-15.1278553009|16.6340255737,-19.0558795929
