28
1309 root_rllllrlllr -16.5042171478,-0.444597542286|-4.23089885712,19.4889316559
1340 root_rllllrlllr -15.158036232,-0.510992288589|-5.24949407578,-8.24255943298
1738 root_rllllrlllr -11.6192464828,-0.589486658573|-4.80834579468,-0.519151329994
1810 root_rllllrlllr -12.6572294235,0.281621396542|-1.39873695374,17.8731021881
1953 root_rllllrlllr -13.8231315613,0.235432326794|-6.08400678635,-9.51194858551
418 root_rllllrllrl -12.893863678,-0.909226000309|3.0107831955,-1.71034860611
1555 root_rllllrllrl -15.6907758713,0.0195816531777|4.16523885727,-1.89681529999
1993 root_rllllrllrl -19.3511924744,0.935072422028|5.45445728302,15.6474599838
2096 root_rllllrllrl -18.6036682129,0.677344143391|6.04179477692,-13.4318552017
265 root_rllllrlrr -13.3223743439,1.74174439907|5.6427283287,14.8502492905
571 root_rllllrlrr -16.4007320404,1.5785138607|-7.93874263763,12.8611373901
1550 root_rllllrlrr -12.2422895432,1.35676467419|-7.97668981552,10.1017351151
1753 root_rllllrlrr -17.9647407532,1.86085343361|7.60012197495,4.59951448441
1791 root_rllllrlrr -16.0551528931,1.07658421993|0.938692569733,11.4619188309
2026 root_rllllrlrr -12.0310688019,1.94466984272|-5.22898674011,14.8942966461
604 root_rllllrllrr -12.1262893677,-0.527157485485|8.13618659973,4.88325500488
782 root_rllllrllrr -19.9790401459,0.361283838749|14.2781248093,-2.20634269714
1052 root_rllllrllrr -14.524720192,0.232633590698|14.4958591461,-8.24364852905
1061 root_rllllrllrr -12.4564294815,-0.216422349215|13.9080209732,-16.6782569885
1866 root_rllllrllrr -17.1858291626,0.146557852626|19.092666626,0.00493062566966
414 root_rllllrllll -17.5323905945,0.0389441102743|-6.82434225082,-12.3705892563
1275 root_rllllrllll -17.9746131897,0.0640458762646|-4.20486354828,-12.0324106216
1859 root_rllllrllll -19.2329978943,0.113477349281|-3.87707161903,-11.798078537
2072 root_rllllrllll -17.5021457672,-0.72388446331|-4.77712535858,-17.5857524872
82 root_rllllrlrl -15.7057857513,1.76629662514|-7.43423366547,1.29472887516
579 root_rllllrlrl -19.9981708527,1.71617126465|16.6591587067,-13.939119339
801 root_rllllrlrl -16.6502571106,1.67523348331|1.34756565094,2.31705188751
1074 root_rllllrlrl -12.9709501266,1.65590834618|-2.7225587368,-12.916261673
