35
686 root_lrlrlrllr 10.2050762177,-18.904258728|-1.39418303967,-15.0007171631
870 root_lrlrlrllr 8.77589416504,-14.3659601212|-0.728278875351,-13.5615577698
906 root_lrlrlrllr 8.26428031921,-11.1495695114|-4.62837123871,-15.030459404
1411 root_lrlrlrllr 10.2097463608,-16.357963562|0.203403428197,-11.3300800323
1570 root_lrlrlrllr 8.35676288605,-16.4971008301|-2.14249825478,-12.9914474487
188 root_lrlrlrrrr 18.99958992,-10.8561325073|-1.37102282047,-15.6534481049
424 root_lrlrlrrrr 19.8865833282,-4.93341112137|-3.08458781242,-9.88214015961
1454 root_lrlrlrrrr 18.5813522339,-2.1658012867|-3.20343375206,-8.44919586182
1653 root_lrlrlrrrr 17.7954006195,-2.74545073509|0.477971792221,-9.17917537689
1724 root_lrlrlrrrr 19.4636363983,-4.32184839249|-0.79207700491,-14.4721765518
644 root_lrlrlrlll 7.43365764618,-8.58668518066|1.49279463291,-19.4214572906
1308 root_lrlrlrlll 7.71942806244,-18.8766860962|-4.20306921005,-13.813501358
1501 root_lrlrlrlll 6.55970621109,-5.31676101685|-1.02107870579,-12.5953121185
1760 root_lrlrlrlll 8.17468070984,-4.97093105316|-0.956891655922,-13.3949222565
33 root_lrlrlrrrl 15.5164136887,-12.4241065979|-4.88531064987,-8.01279258728
67 root_lrlrlrrrl 14.4817008972,-12.1480102539|1.6063015461,-7.47200775146
716 root_lrlrlrrrl 15.2401809692,-19.9153213501|1.01802790165,-15.0490369797
1685 root_lrlrlrrrl 17.5142230988,-14.3794994354|-4.24019002914,-19.4636516571
434 root_lrlrlrrl 11.7299079895,-17.6294612885|1.59442079067,-15.1649036407
739 root_lrlrlrrl 13.5499954224,-2.22638916969|0.805561721325,-19.0634269714
759 root_lrlrlrrl 14.0103254318,-2.05492973328|1.84735262394,-14.267829895
810 root_lrlrlrrl 11.7563962936,-5.0641450882|-6.02272748947,-14.6074333191
974 root_lrlrlrrl 13.2596054077,-14.6262588501|-5.14992380142,-7.36158943176
1154 root_lrlrlrrl 13.3100366592,-8.72706222534|-5.54972887039,-18.6373615265
1166 root_lrlrlrrl 13.7406492233,-8.45961761475|1.39361846447,-10.4238510132
1751 root_lrlrlrrl 12.5996837616,-5.52702569962|1.03208982944,-16.2663249969
200 root_lrlrlrlr 10.7470016479,-14.8973064423|0.817236185074,-11.1911649704
209 root_lrlrlrlr 11.0666131973,-16.700958252|0.980705559254,-13.2582712173
277 root_lrlrlrlr 11.715338707,-4.38480615616|-5.58997488022,-14.9070596695
482 root_lrlrlrlr 10.4604854584,-18.2855758667|-4.02255010605,-11.766661644
666 root_lrlrlrlr 10.8751716614,-12.9952516556|-5.81937599182,-19.4353942871
2032 root_lrlrlrlr 11.5465192795,-19.6091251373|-4.0837726593,-7.81790781021
2046 root_lrlrlrrrr 18.2562847137,-9.13535499573|-4.67159843445,-7.80474996567
2145 root_lrlrlrlll 8.12391853333,-12.6313114166|-5.8421216011,-10.6075439453
2268 root_lrlrlrrrr 17.7606067657,-10.1964550018|-2.68186974525,-9.17576694489
