49
309 root_rlrrrrrrll -8.31213665009,14.7356967926|-3.41748261452,11.6148080826
567 root_rlrrrrrrll -7.52958250046,15.9397172928|-2.59084415436,7.6959400177
696 root_rlrrrrrrll -3.53758335114,16.363243103|17.8562965393,12.0704040527
1037 root_rlrrrrrrll -8.22834396362,16.9821109772|-1.31859362125,11.804766655
1499 root_rlrrrrrrll -3.09687590599,14.8236551285|-14.2904071808,11.0092306137
1549 root_rlrrrrrrll -6.95675230026,15.028544426|14.3961381912,12.0713624954
1691 root_rlrrrrrrll -6.07931995392,16.1332817078|-2.7477478981,6.47981262207
1746 root_rlrrrrrrll -3.15679740906,15.1117115021|-3.76631236076,13.2812623978
403 root_rlrrrrrrrrl -4.11447191238,17.4709644318|16.4279270172,17.5572090149
710 root_rlrrrrrrrrl -1.8545075655,15.4248466492|5.62641716003,13.9773893356
1655 root_rlrrrrrrrrl -2.86854767799,16.3493442535|10.214717865,14.3598461151
1819 root_rlrrrrrrrrl -4.50909996033,18.27617836|5.14222860336,13.636469841
651 root_rlrrrrrrlrr -9.07674312592,19.7647895813|16.1339492798,12.9047737122
1144 root_rlrrrrrrlrr -6.56405162811,19.3715934753|-3.24106550217,7.23702430725
1236 root_rlrrrrrrlrr -6.83786296844,19.5554351807|-6.17524433136,13.2609138489
1589 root_rlrrrrrrlrr -10.0076799393,19.9315910339|-2.82711076736,5.65530252457
1740 root_rlrrrrrrlrr -6.76169061661,19.1662139893|-14.8063163757,10.9166851044
69 root_rlrrrrrlr -4.4224152565,14.2438516617|5.65848398209,17.7496032715
391 root_rlrrrrrlr -5.55766105652,14.6906299591|16.7768726349,12.9184799194
946 root_rlrrrrrlr -5.62526273727,13.4995613098|17.1142272949,13.1863527298
954 root_rlrrrrrlr -4.87233400345,14.6867856979|15.1456403732,6.75862121582
1868 root_rlrrrrrlr -3.72918009758,13.7578134537|10.9875612259,18.3575744629
292 root_rlrrrrrll -3.04301571846,13.413438797|-5.97457885742,7.77481794357
408 root_rlrrrrrll -9.4416437149,14.5025691986|1.45050299168,18.6060390472
636 root_rlrrrrrll -5.11023664474,14.530831337|2.56511235237,16.4094905853
1846 root_rlrrrrrll -3.7345328331,13.925204277|-0.762995183468,11.5488805771
841 root_rlrrrrrrlrl -1.85775053501,19.100315094|-9.85114383698,10.1210727692
956 root_rlrrrrrrlrl -9.36850452423,17.8424987793|-14.1541929245,10.0543041229
977 root_rlrrrrrrlrl -7.46488904953,17.1251010895|-10.980471611,12.9624204636
1192 root_rlrrrrrrlrl -8.17950725555,17.2353534698|5.12079381943,7.68494749069
70 root_rlrrrrrrrl -2.75704503059,14.6973161697|-13.8297128677,14.9296064377
178 root_rlrrrrrrrl -8.37518310547,17.091835022|-4.64142942429,16.2663383484
623 root_rlrrrrrrrl -8.02321815491,16.6290016174|-14.4246492386,16.189031601
933 root_rlrrrrrrrl -8.55456447601,18.5492095947|-18.7018985748,16.5560283661
1637 root_rlrrrrrrrl -4.06389331818,17.0393638611|-4.9876832962,17.0636196136
972 root_rlrrrrrrrrr -5.49480485916,18.7099609375|12.9429092407,14.4594993591
1220 root_rlrrrrrrrrr -9.75685310364,18.8030452728|8.6905708313,17.3665866852
1226 root_rlrrrrrrrrr -7.70836639404,19.1470470428|7.47613382339,18.2560214996
1495 root_rlrrrrrrrrr -9.1365776062,19.763250351|16.6000137329,15.5889987946
1825 root_rlrrrrrrrrr -4.34885787964,18.5916175842|5.98917675018,16.1164150238
1875 root_rlrrrrrrlrr -8.6373758316,19.8553924561|-18.9596252441,5.3617811203
1999 root_rlrrrrrrrl -4.91934967041,18.4114818573|-4.79846858978,16.6786422729
2016 root_rlrrrrrll -2.33939290047,14.1124744415|-12.3884601593,18.4202136993
2037 root_rlrrrrrrrrl -2.6173760891,16.7116641998|2.41933608055,16.7211284637
2045 root_rlrrrrrll -3.70933008194,13.1092185974|-10.3832321167,18.7427978516
2169 root_rlrrrrrrrrl -8.66501426697,15.4535865784|1.18625152111,18.7126312256
2279 root_rlrrrrrrrrl -2.03721857071,15.555352211|18.4656887054,14.0522880554
2289 root_rlrrrrrrrl -3.61197924614,16.9265766144|-4.78492641449,15.1609773636
2305 root_rlrrrrrrlrl -5.83591365814,18.0343875885|-6.63325691223,8.60076808929
