30
596 root_lllrlrrl -16.1237277985,-8.4453868866|5.23936462402,-9.47402000427
614 root_lllrlrrl -13.8757705688,-8.78213787079|-12.9050512314,-15.3686990738
730 root_lllrlrrl -10.4027013779,-8.59210014343|17.1290607452,-17.0843982697
1208 root_lllrlrrl -16.85181427,-8.37321949005|15.3342485428,0.747001171112
1530 root_lllrlrrl -14.0831079483,-8.69860267639|16.0443382263,0.720934033394
789 root_lllrlrlrr -13.2994203568,-9.19104576111|11.4097423553,1.01371669769
905 root_lllrlrlrr -11.293384552,-9.38156700134|18.1545467377,4.24491930008
1150 root_lllrlrlrr -18.4798698425,-10.0737419128|9.01052284241,2.85397171974
1270 root_lllrlrlrr -19.4063777924,-9.05263328552|-2.81992435455,2.68135070801
1452 root_lllrlrlrr -7.18282747269,-9.3998966217|13.624341011,1.67272269726
267 root_lllrlrlrl -19.5034275055,-10.0070228577|-12.0580644608,-3.98226642609
1146 root_lllrlrlrl -6.15779399872,-9.67486572266|-9.14585590363,-2.55025315285
1398 root_lllrlrlrl -13.1804761887,-9.17667865753|-16.706659317,-5.3144493103
1667 root_lllrlrlrl -5.53513336182,-9.06425666809|-14.5924339294,-3.61890101433
232 root_lllrlrll -6.16288042068,-9.13905239105|-7.52615070343,-15.4292554855
346 root_lllrlrll -6.97233772278,-9.80584716797|18.0788822174,-16.7570819855
909 root_lllrlrll -19.4264850616,-9.10742473602|12.4702739716,-14.0727758408
1152 root_lllrlrll -5.37651968002,-9.35467243195|0.443068146706,-10.9152774811
4 root_lllrlrrr -6.50141000748,-8.7775812149|11.2658758163,-7.53930139542
101 root_lllrlrrr -9.46582698822,-8.83845806122|1.51360309124,-10.3030729294
1084 root_lllrlrrr -6.0442199707,-8.43133831024|19.2697811127,-12.1970653534
1235 root_lllrlrrr -8.53237342834,-8.60342884064|-9.74718475342,-13.2154836655
1268 root_lllrlrrr -9.69274425507,-8.94260406494|13.2264795303,-3.8803358078
1734 root_lllrlrrr -8.14784049988,-8.58288478851|-0.389913111925,-15.6872005463
1820 root_lllrlrrl -13.6792869568,-8.66055297852|9.72721672058,-15.4254140854
1907 root_lllrlrll -14.7108392715,-9.39384365082|-3.97318482399,-10.9625320435
1930 root_lllrlrll -15.4166126251,-9.60506820679|-1.34187221527,-13.6777620316
2024 root_lllrlrll -12.0393676758,-10.0495386124|-18.9854698181,-17.4724464417
2144 root_lllrlrll -6.32684087753,-10.1446027756|-9.86466026306,-12.1826019287
2147 root_lllrlrlrr -9.99441051483,-9.33216190338|3.22586107254,3.20066642761
