47
237 root_lrrlrrrl 4.0170211792,-2.8725206852|3.76221942902,2.87751412392
584 root_lrrlrrrl 7.4382390976,-7.85831212997|5.02955770493,-16.6812381744
621 root_lrrlrrrl 4.91341733932,-6.87305545807|4.5494146347,-15.775428772
635 root_lrrlrrrl 7.37950134277,-8.14362049103|6.64345407486,-15.2147912979
787 root_lrrlrrrl 7.80310535431,-8.25233840942|7.81128120422,-8.25255966187
871 root_lrrlrrrl 6.40666866302,-6.37900829315|8.32096862793,-13.8722085953
1358 root_lrrlrrrl 4.33193349838,-2.34582901001|5.36646699905,7.23795604706
422 root_lrrlrrrrrl 9.08619213104,-5.5514793396|7.1976852417,-3.47799801826
917 root_lrrlrrrrrl 12.9314441681,-1.09045827389|8.78054237366,1.57663309574
1182 root_lrrlrrrrrl 11.3510894775,-5.39898777008|9.22193145752,3.55464744568
1755 root_lrrlrrrrrl 16.3709049225,-5.31967449188|5.90819406509,-0.105979889631
296 root_lrrlrrlrr 2.96032047272,-6.42325639725|8.41671848297,18.7120227814
448 root_lrrlrrlrr 0.820464253426,-2.31977581978|9.15030384064,15.061662674
538 root_lrrlrrlrr 2.00600481033,-4.99328041077|3.10423731804,-2.18622970581
829 root_lrrlrrlrr 3.21136403084,-7.33949422836|3.21515750885,0.599359154701
1183 root_lrrlrrlrr 0.732245326042,-1.48147499561|3.97406506538,9.05699253082
1378 root_lrrlrrlrr 0.27942571044,-4.78414487839|4.36921691895,-7.38254880905
385 root_lrrlrrrrl 16.2952690125,-6.9724946022|5.6084856987,-6.17129278183
484 root_lrrlrrrrl 19.7407894135,-8.52070713043|8.28895568848,-15.1299943924
727 root_lrrlrrrrl 14.432264328,-7.88275575638|9.44844722748,-5.96627855301
846 root_lrrlrrrrl 16.6118888855,-3.15538930893|4.09203100204,-11.3319320679
1119 root_lrrlrrrrl 19.2055435181,-2.21869587898|6.40325784683,-18.4702835083
1700 root_lrrlrrrrl 18.088558197,-5.29206323624|3.19367432594,-4.78038978577
139 root_lrrlrrrrrr 19.7231311798,-6.60134887695|7.32040166855,19.385061264
356 root_lrrlrrrrrr 15.5014686584,-1.58901023865|5.1580862999,8.45873641968
781 root_lrrlrrrrrr 14.7748184204,-2.62104058266|8.21472072601,4.89004898071
840 root_lrrlrrrrrr 14.5418262482,-5.62912130356|7.80101823807,5.83394193649
1559 root_lrrlrrrrrr 11.6852722168,-4.90025091171|7.2420873642,13.3463048935
100 root_lrrlrrlrl -4.30862998962,-3.49507689476|4.54977321625,9.99462413788
704 root_lrrlrrlrl -2.76328110695,-4.25938177109|2.88493657112,17.3587188721
791 root_lrrlrrlrl -0.970561504364,-8.46554088593|8.42355918884,-6.50161743164
1210 root_lrrlrrlrl -3.83554625511,-2.82324314117|3.68533778191,-2.31494212151
1646 root_lrrlrrlrl -1.84923195839,-2.67010641098|8.40185260773,1.74374210835
2 root_lrrlrrll -2.01815342903,-4.83137893677|3.33803939819,-17.8487186432
527 root_lrrlrrll -4.38938474655,-3.16169905663|3.99150419235,-13.8394165039
558 root_lrrlrrll -2.02561187744,-2.22374868393|5.04711723328,-14.104557991
778 root_lrrlrrll -1.63393235207,-8.26930713654|5.44856500626,-14.6186676025
827 root_lrrlrrll -2.59929275513,-3.82327437401|5.82596731186,-10.5436401367
1050 root_lrrlrrll -1.68984794617,-3.18896365166|7.1371679306,-10.281665802
1139 root_lrrlrrll -1.39109563828,-8.26429367065|4.15404891968,-8.51107788086
1320 root_lrrlrrll -0.999546349049,-6.4792265892|9.65641307831,-14.7988147736
1761 root_lrrlrrrrl 17.1723613739,-7.40078496933|8.64584350586,-5.42674875259
1763 root_lrrlrrrl 3.76015639305,-2.19608712196|3.38662981987,0.0168559122831
1865 root_lrrlrrrrrl 19.0380897522,-1.50205016136|7.32076787949,0.601538300514
1954 root_lrrlrrlrr 2.80253410339,-3.96834015846|5.29342937469,-6.88947582245
2222 root_lrrlrrrrrr 16.6214122772,-5.34030532837|9.25700092316,10.7698945999
2264 root_lrrlrrrrl 18.2842121124,-6.43344020844|8.6891040802,-14.9862194061
