50
8 root_llllrllr -16.6193656921,-15.4392700195|-19.0293235779,3.87698674202
103 root_llllrllr -16.6430606842,-19.9765529633|-17.0619907379,-7.5723028183
312 root_llllrllr -18.6644020081,-17.1691761017|-10.5845804214,-2.69896745682
764 root_llllrllr -17.1238040924,-13.7988042831|6.5816192627,-7.58239841461
1076 root_llllrllr -17.6060276031,-18.2238254547|-1.05859375,-2.80529356003
1571 root_llllrllr -18.7846870422,-14.2520627975|-3.47876048088,-0.983295798302
1635 root_llllrllr -17.9000091553,-16.5044250488|-6.42340612411,0.32452377677
1649 root_llllrllr -17.2685661316,-19.9583015442|-1.1417286396,4.81653308868
77 root_llllrlrr -14.9522104263,-18.3669185638|-1.89488697052,1.05314683914
460 root_llllrlrr -15.347442627,-14.7845363617|18.967956543,-3.11982727051
707 root_llllrlrr -13.8419771194,-14.0463857651|-1.3946120739,1.4568516016
1566 root_llllrlrr -14.4995365143,-18.9436302185|-12.3080253601,-3.08897185326
1668 root_llllrlrr -15.405957222,-19.1149597168|-9.06438159943,1.41612815857
552 root_llllrrrlr -8.60479545593,-18.1229133606|0.55093228817,1.50819611549
1466 root_llllrrrlr -7.41415691376,-17.5173358917|-0.598514378071,5.07521867752
1517 root_llllrrrlr -5.34442710876,-16.268529892|-18.9921779633,2.38049483299
1773 root_llllrrrlr -7.56294059753,-15.8956680298|-10.4200153351,-0.0313425436616
2180 root_llllrrrlr -8.39197349548,-15.1346635818|-16.6028347015,2.83265519142
1022 root_llllrlll -19.9434089661,-18.0972766876|9.31572246552,2.47349500656
1304 root_llllrlll -19.2257118225,-16.8508014679|12.1902532578,-2.49071502686
1455 root_llllrlll -19.0871276855,-17.5611457825|16.5722751617,3.08386135101
1567 root_llllrlll -19.0732440948,-16.7405872345|3.85376095772,-2.71915197372
1640 root_llllrlll -19.1994762421,-19.8299255371|9.10766887665,4.50895643234
259 root_llllrrlr -8.76417636871,-19.7798748016|1.46063959599,-2.88228344917
732 root_llllrrlr -7.19470214844,-15.2125368118|-5.04929971695,-4.37456846237
877 root_llllrrlr -12.8299665451,-14.2698478699|16.2355613708,-2.7110273838
1671 root_llllrrlr -5.38251924515,-14.884062767|16.563325882,-0.822662174702
1721 root_llllrrlr -10.3488712311,-17.2940559387|7.81759405136,-5.1854839325
2031 root_llllrrlr -7.91251659393,-13.2919902802|-0.00629620999098,-5.46004867554
415 root_llllrrrll -12.5087823868,-15.993637085|-17.081703186,-0.386380404234
1368 root_llllrrrll -12.9034538269,-13.2294244766|-14.2919578552,-0.33382371068
1695 root_llllrrrll -11.6400175095,-18.9127025604|-2.86424303055,3.53347396851
1774 root_llllrrrll -12.2442579269,-17.7985973358|-7.08898353577,3.00024008751
242 root_llllrrll -12.5580377579,-19.6638755798|-14.9341335297,-1.11778068542
268 root_llllrrll -12.8048009872,-13.7397594452|-8.19588279724,-7.07414960861
1103 root_llllrrll -8.42640399933,-15.4080581665|-16.036403656,-2.56713581085
1487 root_llllrrll -10.7306022644,-16.6419048309|-12.5265417099,-3.94632387161
84 root_llllrlrl -14.2268371582,-17.2674388885|2.34309768677,-4.43829965591
702 root_llllrlrl -13.7741088867,-15.0953226089|-8.00634479523,-7.40099716187
874 root_llllrlrl -13.7737188339,-16.5207767487|-16.463098526,-3.33414292336
1918 root_llllrlrl -15.1932611465,-13.7928314209|-17.8785095215,-5.41539764404
148 root_llllrrrr -5.63518047333,-18.7483158112|8.26031589508,2.43279099464
274 root_llllrrrr -6.92362642288,-14.2911128998|12.0397796631,3.07290744781
536 root_llllrrrr -12.0182743073,-19.2625427246|18.358953476,0.502105236053
1132 root_llllrrrr -7.65111351013,-13.0709247589|6.37182617188,3.09098291397
1353 root_llllrrrr -6.03584718704,-15.4718885422|8.29798603058,4.24955940247
1745 root_llllrrrr -8.86071777344,-14.2520875931|6.94935131073,-0.248329713941
2310 root_llllrlrr -15.2999124527,-16.3059768677|-17.8373088837,0.647527635098
2314 root_llllrrlr -11.2733488083,-13.8437900543|-5.49884414673,-1.04496073723
2344 root_llllrlll -19.7955589294,-14.8030385971|-18.5696620941,-4.06899547577
