33
937 root_lllrlllrrl -7.29311084747,-11.2598400116|-8.50241184235,-17.7075691223
993 root_lllrlllrrl -9.64612770081,-11.0933513641|-7.89353513718,-17.1052207947
1058 root_lllrlllrrl -8.27126121521,-10.3916959763|-9.32016468048,-17.9878559113
1967 root_lllrlllrrl -17.5973529816,-10.6113271713|-7.80403280258,-9.88930606842
900 root_lllrllllll -17.7998905182,-12.8099346161|-13.8889579773,-2.92705798149
1256 root_lllrllllll -14.6181163788,-12.9409666061|-15.4694890976,-11.7162752151
1669 root_lllrllllll -19.3917808533,-12.5550928116|-14.9085149765,-18.727148056
1904 root_lllrllllll -17.3447608948,-12.4729337692|-13.3469438553,-5.8963932991
1957 root_lllrllllll -18.3071327209,-12.3399839401|-17.7664909363,-6.04276704788
417 root_lllrlllrl -6.82341051102,-11.0754756927|-12.5312824249,-4.73158359528
658 root_lllrlllrl -6.27393770218,-10.9216690063|-11.9802122116,-3.53454017639
756 root_lllrlllrl -18.0690689087,-11.4002370834|-15.7002067566,2.65585899353
961 root_lllrlllrl -15.5122623444,-11.1698646545|-12.5430717468,-0.69119232893
1673 root_lllrlllrl -6.84959983826,-10.8350009918|-15.0480575562,-3.28795933723
2155 root_lllrlllrl -10.7673187256,-11.2451343536|-11.2110700607,-5.03717565536
406 root_lllrllllr -7.45829486847,-12.3005933762|-10.1632928848,-2.11468410492
504 root_lllrllllr -5.89456892014,-12.0298471451|-18.9843235016,-0.675539255142
526 root_lllrllllr -5.30483627319,-12.875087738|-10.6105461121,-14.8101148605
669 root_lllrllllr -8.88975143433,-12.4834365845|-18.4125137329,-6.76260471344
894 root_lllrllllr -9.70030879974,-12.1242313385|-13.9620809555,0.172019213438
1584 root_lllrllllr -6.55751752853,-12.8244915009|-6.81646823883,-2.09553933144
1928 root_lllrllllr -7.31514883041,-13.0318975449|-14.5187711716,-8.16945743561
31 root_lllrlllrrr -5.06856250763,-10.5076227188|-0.978760838509,-6.59062337875
612 root_lllrlllrrr -19.6557922363,-11.2123384476|-3.79004836082,-14.8146104813
659 root_lllrlllrrr -13.0133018494,-10.3917503357|-6.7684469223,-10.4493150711
740 root_lllrlllrrr -17.6561851501,-10.442606926|-2.08028721809,-11.2020902634
1885 root_lllrlllrrr -12.8110227585,-11.2674064636|-7.38655233383,-16.2255191803
736 root_lllrlllllr -14.676153183,-12.3042516708|-4.88489484787,-12.8513011932
969 root_lllrlllllr -19.9091587067,-12.3395252228|-10.0967264175,-17.4392604828
995 root_lllrlllllr -16.7310523987,-12.6297369003|-10.9807453156,0.650024712086
1245 root_lllrlllllr -16.1085567474,-12.6097536087|-7.1543006897,-13.4348487854
1739 root_lllrlllllr -15.0851631165,-11.758231163|-9.87618637085,-11.886059761
2261 root_lllrlllrl -6.36626911163,-11.3863372803|-18.7502613068,3.06103134155
