50
574 root_lrllllrrll 0.762731015682,-16.7193946838|-14.6558227539,3.88854980469
706 root_lrllllrrll -4.57991313934,-15.2888593674|-14.8931703568,9.6438331604
1919 root_lrllllrrll -4.38181447983,-15.6156330109|-14.7005023956,-14.2608556747
2161 root_lrllllrrll -3.61392116547,-15.7321052551|-16.594669342,-10.8641557693
479 root_lrllllrrrr -2.5282201767,-3.85219788551|-14.9604444504,18.2984352112
1027 root_lrllllrrrr 2.58128046989,-1.12344622612|-15.7613525391,10.7691774368
1073 root_lrllllrrrr 6.5024266243,-10.5268726349|-14.6637334824,2.75705337524
1405 root_lrllllrrrr -1.32413721085,-13.6995172501|-15.2702188492,5.35247945786
1573 root_lrllllrrrr -1.76029706001,-13.6606216431|-14.7217607498,3.85800170898
1644 root_lrllllrrrr 3.72585773468,-3.34748864174|-15.9815416336,15.9363622665
1903 root_lrllllrrrr 8.99433422089,-8.60458278656|-15.3762454987,-17.9278621674
1962 root_lrllllrrrr 4.03329515457,-1.48157787323|-15.8468818665,17.9903144836
225 root_lrllllllr -4.67639493942,-3.32129478455|-19.3776531219,-3.39328145981
783 root_lrllllllr 4.35843276978,-5.39829969406|-19.4808883667,0.264189064503
958 root_lrllllllr -3.48231196404,-12.3839921951|-19.6180877686,18.1888122559
1036 root_lrllllllr 6.14090681076,-10.535200119|-18.3465137482,-3.08005189896
1159 root_lrllllllr 2.49188494682,-4.99844932556|-18.8407402039,16.3825340271
1842 root_lrllllllr 2.38033652306,-12.0446615219|-18.9610176086,14.0392751694
2048 root_lrllllllr -2.36836957932,-9.63719844818|-18.3066005707,6.74324846268
2136 root_lrllllllr 1.14209794998,-6.3212146759|-18.494348526,-12.1364574432
163 root_lrllllrrlr 5.77908277512,-14.5337762833|-14.6160373688,11.332947731
344 root_lrllllrrlr 2.409740448,-14.6674280167|-15.2484283447,-11.923579216
1762 root_lrllllrrlr 3.68246507645,-19.6056900024|-16.6228370667,1.56750917435
1870 root_lrllllrrlr 5.219373703,-14.3895492554|-16.339225769,-1.05928254128
2125 root_lrllllrrlr 2.14443063736,-19.9519748688|-15.5405454636,1.79300880432
445 root_lrllllrrrl -4.66299200058,-2.0388405323|-16.7908210754,0.499152839184
555 root_lrllllrrrl 3.63040757179,-14.0339603424|-16.7291946411,-8.81595802307
1137 root_lrllllrrrl 9.56454372406,-13.2458143234|-16.7684288025,8.1297416687
1391 root_lrllllrrrl 1.79068148136,-11.1797924042|-16.7258758545,-1.49244940281
904 root_lrlllllll -1.18285441399,-15.584189415|-18.2338924408,-8.4248418808
1051 root_lrlllllll -0.539409279823,-15.2103729248|-18.3133144379,18.5298461914
1244 root_lrlllllll -4.59801435471,-18.1333866119|-18.3311138153,-3.88788795471
1430 root_lrlllllll 2.25000023842,-13.4964036942|-19.2075424194,-11.9444561005
1526 root_lrlllllll 4.71428251266,-14.7954034805|-18.9258575439,-1.68689715862
1828 root_lrlllllll 1.50868284702,-16.2465953827|-18.2590293884,-18.9935417175
105 root_lrllllrl 5.75890302658,-19.3762359619|-17.087562561,18.0554065704
340 root_lrllllrl 1.36027562618,-13.4942846298|-17.1722602844,12.5050268173
457 root_lrllllrl 5.76259088516,-14.7124834061|-17.1095428467,9.77239131927
509 root_lrllllrl 8.5872926712,-11.8304538727|-16.925819397,1.82068526745
1376 root_lrllllrl 5.67304039001,-8.01019096375|-16.974615097,-0.179562628269
78 root_lrlllllr -3.58255910873,-13.6659412384|-18.1698455811,3.46902537346
104 root_lrlllllr 6.9290060997,-15.1039733887|-17.272983551,2.32064175606
289 root_lrlllllr 2.43608951569,-18.6625576019|-17.5939083099,-8.13896942139
859 root_lrlllllr -4.38572454453,-11.1904315948|-17.8852100372,-15.0259628296
1000 root_lrlllllr -4.68386411667,-1.63126039505|-17.7617073059,-8.47012519836
2166 root_lrlllllll -1.26205480099,-18.1358108521|-19.3841133118,-15.04388237
2183 root_lrllllrrrl -1.47629165649,-6.02219295502|-16.2797317505,-14.5250883102
2202 root_lrlllllr 8.9320268631,-8.42555427551|-17.9888629913,-14.1133089066
2284 root_lrlllllr -3.26735591888,-19.0348243713|-18.0774250031,3.86454033852
2288 root_lrlllllr -2.27097249031,-4.50295877457|-17.7233829498,-3.74864554405
