20
175 root_rllrllrr -19.9131011963,16.1985759735|-14.3173084259,-3.74627661705
379 root_rllrllrr -19.8116893768,17.7732944489|-7.78632497787,12.6163339615
459 root_rllrllrr -19.3350734711,19.6090888977|-17.5530853271,5.07665967941
1425 root_rllrllrr -18.9958171844,19.8926200867|-14.1859893799,-5.31733942032
1614 root_rllrllrr -19.1895179749,17.6772766113|-18.3291358948,17.1815185547
1841 root_rllrllrr -19.364610672,14.3109903336|-9.12872695923,17.4155712128
1925 root_rllrllrr -19.174030304,17.2001476288|-0.40219566226,-4.15595674515
60 root_rllrllrl -19.8965320587,17.6101455688|-18.4301795959,-16.6696548462
550 root_rllrllrl -19.269443512,14.5464448929|-12.100564003,-18.5717563629
1351 root_rllrllrl -19.7943115234,15.9914617538|-4.63981771469,-12.5904512405
1548 root_rllrllrl -19.8553905487,15.5657691956|-8.8028459549,-7.25850343704
533 root_rllrlll -19.0078487396,11.7707166672|1.99125576019,12.4210805893
687 root_rllrlll -19.8484249115,13.4784259796|14.0324783325,-8.10912322998
847 root_rllrlll -19.9710254669,12.2209615707|-0.968161702156,-13.400551796
960 root_rllrlll -19.7768173218,11.8750200272|-8.64935493469,-17.3972244263
2086 root_rllrlll -19.4366264343,11.4865550995|-11.3097906113,11.9521770477
2127 root_rllrlll -19.5581130981,13.3780679703|-12.2838907242,-17.1810665131
2146 root_rllrlll -18.8902626038,11.9173154831|0.40064907074,-3.65935134888
2149 root_rllrlll -19.8128871918,12.7737293243|3.28985071182,-5.08921527863
2240 root_rllrllrr -19.94506073,15.7205162048|17.0790843964,8.95507717133
