42
222 root_lllrrrrll -19.467206955,-5.96799850464|11.0567274094,-15.5975875854
452 root_lllrrrrll -18.73878479,-1.92245197296|12.6639795303,-7.90637588501
843 root_lllrrrrll -17.5920009613,-1.31558203697|10.2459850311,-10.8296499252
1118 root_lllrrrrll -17.8790054321,-4.27472734451|14.4680452347,-8.6494102478
1607 root_lllrrrrll -18.3197097778,-2.38338804245|15.1887979507,-18.231294632
1768 root_lllrrrrll -17.6242179871,-1.60400986671|13.9037942886,-14.1513147354
127 root_lllrrrrlr -17.0067367554,-7.94865322113|13.8249492645,-19.1944522858
444 root_lllrrrrlr -12.5516309738,-2.75776314735|15.7634115219,4.94571828842
873 root_lllrrrrlr -16.9419631958,-2.83611750603|14.9055366516,-9.60443592072
1010 root_lllrrrrlr -17.1122646332,-6.60987949371|11.568353653,-13.6888427734
1030 root_lllrrrrlr -7.90417194366,-4.51675844193|15.6942157745,-15.5365896225
353 root_lllrrrlrl -19.3196849823,-6.10096120834|2.78202199936,-5.10893535614
699 root_lllrrrlrl -18.7169933319,-2.19586372375|5.04628229141,1.35640645027
1390 root_lllrrrlrl -17.2210102081,-1.05215215683|6.18941497803,1.17611539364
1964 root_lllrrrlrl -16.4423599243,-6.03638124466|1.65654087067,4.46706342697
668 root_lllrrrlll -18.9006824493,-6.28379821777|5.08230018616,-6.51883220673
767 root_lllrrrlll -19.7106590271,-4.34803819656|5.44423866272,-16.1033344269
1912 root_lllrrrlll -19.5696029663,-1.54840028286|1.33528888226,-9.94279003143
2007 root_lllrrrlll -19.9546642303,-7.170399189|2.17471075058,-8.11508178711
12 root_lllrrrrrr -10.2699337006,-1.18024539948|18.3996429443,-9.65050697327
368 root_lllrrrrrr -17.9627799988,-8.00817871094|19.353181839,-17.8085975647
839 root_lllrrrrrr -4.96435499191,-7.75392055511|18.5245723724,-4.7499332428
1221 root_lllrrrrrr -8.95455646515,-4.26479911804|18.9583530426,-18.6238651276
1941 root_lllrrrrrr -11.7031965256,-4.50482273102|18.5340080261,4.74974679947
276 root_lllrrrllr -5.36382436752,-5.77525854111|1.32488644123,-18.8984413147
573 root_lllrrrllr -15.0323181152,-7.30532979965|2.69270062447,-16.7302417755
1348 root_lllrrrllr -17.5235881805,-1.42898070812|3.34604668617,-11.309876442
1666 root_lllrrrllr -17.1491355896,-4.1882109642|7.59759712219,-16.4520874023
1801 root_lllrrrllr -10.3947515488,-8.07406234741|4.42612266541,-7.74369859695
72 root_lllrrrrrl -11.9660282135,-1.54198873043|17.25431633,-16.3156223297
320 root_lllrrrrrl -7.23122835159,-7.39841079712|16.1296596527,4.33944797516
1078 root_lllrrrrrl -18.8584804535,-4.15808963776|17.2949466705,-12.2908935547
1341 root_lllrrrrrl -13.3879909515,-8.08063220978|17.8271274567,5.53001880646
114 root_lllrrrlrr -15.9254703522,-6.36440467834|9.30242347717,3.83761548996
311 root_lllrrrlrr -10.0925397873,-2.22737526894|6.68405866623,-3.21147441864
1271 root_lllrrrlrr -13.0832233429,-8.11928653717|3.20170259476,-5.66431903839
1329 root_lllrrrlrr -9.22035121918,-8.00113201141|5.22467565536,5.3085436821
1717 root_lllrrrlrr -13.781036377,-1.43461608887|2.39450120926,-2.51138114929
2064 root_lllrrrrrr -7.58496665955,-7.32565879822|18.7893562317,-11.6374969482
2075 root_lllrrrrlr -15.6560592651,-3.11228060722|10.3774595261,2.71915030479
2184 root_lllrrrrlr -9.79039478302,-5.46603775024|14.4961051941,-5.10604190826
2302 root_lllrrrrlr -5.60670185089,-6.18331050873|13.4431791306,-2.71675252914
