30
307 root_lrlllrllll 8.43860149384,-19.0510482788|-13.671708107,-16.5597019196
523 root_lrlllrllll -3.16711950302,-19.3491477966|-9.1186542511,-17.9016017914
752 root_lrlllrllll 3.64004397392,-18.2189826965|-14.0782527924,-18.4874820709
967 root_lrlllrllll 6.41041612625,-12.3932323456|-13.7303819656,-18.7511711121
1267 root_lrlllrllll 1.48282027245,-17.4167938232|-8.67075538635,-17.6971492767
125 root_lrlllrllrrl 4.14799165726,-14.5203695297|-8.44447803497,-9.52595996857
132 root_lrlllrllrrl -3.19878029823,-12.9095363617|-13.7995510101,-9.87522125244
1503 root_lrlllrllrrl 6.41239404678,-14.8164348602|-10.6412715912,-14.253610611
1535 root_lrlllrllrrl -3.02028274536,-14.1265830994|-7.29475545883,-9.58514308929
2098 root_lrlllrllrrl 7.97524833679,-14.0023393631|-12.0158548355,-10.6433544159
2181 root_lrlllrllrrl 2.92297959328,-14.1796617508|-7.90794658661,-14.6734409332
628 root_lrlllrllrl 8.29550361633,-17.838092804|-6.65296459198,-14.3484773636
643 root_lrlllrllrl 1.01974582672,-19.9048805237|-13.8142032623,-13.592508316
671 root_lrlllrllrl 2.35263156891,-18.4746360779|-14.3530693054,-14.4887866974
884 root_lrlllrllrl 8.78819274902,-17.2806377411|-10.8286981583,-13.741314888
661 root_lrlllrlllr 6.22808694839,-14.070438385|-13.6475143433,-15.5782308578
721 root_lrlllrlllr -3.36810541153,-18.3343582153|-8.10080909729,-14.8833589554
813 root_lrlllrlllr -4.45202445984,-12.6026601791|-10.5213365555,-15.1110830307
875 root_lrlllrlllr -2.64536428452,-13.1404600143|-13.2797031403,-16.0534515381
1086 root_lrlllrlllr 0.234516203403,-17.6830158234|-9.86319255829,-15.8371133804
1560 root_lrlllrlllr 4.62960004807,-16.5370159149|-10.7153930664,-15.4342565536
1931 root_lrlllrlllr 1.68362879753,-12.0595626831|-7.40174055099,-16.0972709656
845 root_lrlllrllrrr 3.6707470417,-11.7974882126|-10.4014129639,-9.55384540558
1115 root_lrlllrllrrr 9.13233757019,-10.5140762329|-11.467010498,-9.43903923035
1135 root_lrlllrllrrr -4.28972864151,-12.7854347229|-8.34318065643,-7.80488061905
1280 root_lrlllrllrrr 4.36648225784,-12.5817060471|-11.1316251755,-11.2511758804
1975 root_lrlllrllrrr 0.0398737750947,-12.4202737808|-8.65775680542,-8.37476921082
2186 root_lrlllrllrl 3.84665989876,-19.9860877991|-11.930896759,-11.992430687
2213 root_lrlllrllrrr 0.0641153007746,-11.0722980499|-9.19983482361,-9.69391059875
2235 root_lrlllrlllr 0.00314833596349,-15.8869552612|-13.9583644867,-15.0437526703
