42
383 root_llrlllll -19.4510993958,-15.7987966537|0.482160389423,14.5856962204
401 root_llrlllll -19.1727333069,-17.399892807|-4.25047683716,13.8921356201
1026 root_llrlllll -19.5615539551,-19.1640052795|1.92485702038,8.70955657959
1916 root_llrlllll -18.6511974335,-16.2934398651|-6.2150387764,8.29899120331
194 root_llrllrl -10.2492876053,-16.0712375641|-18.2242431641,17.8181552887
328 root_llrllrl -6.1255979538,-18.0674953461|-7.86927175522,15.9754114151
339 root_llrllrl -7.56852340698,-18.3445167542|-11.0345115662,15.590596199
1002 root_llrllrl -17.9406871796,-18.8124904633|17.6955413818,16.0803833008
1251 root_llrllrl -13.278260231,-15.4961709976|12.1698694229,17.3815402985
1824 root_llrllrl -9.3734369278,-15.1372318268|-2.63835406303,17.7629108429
345 root_llrlllrr -12.7952871323,-15.7255144119|10.6821775436,15.568400383
541 root_llrlllrr -15.5463981628,-17.3839569092|18.0415344238,14.6160831451
766 root_llrlllrr -10.4802350998,-17.4595088959|-17.0130825043,11.6351079941
1112 root_llrlllrr -13.9808187485,-18.4491920471|-2.49822878838,12.3142814636
1168 root_llrlllrr -12.0584316254,-18.2170886993|-7.96598148346,12.475610733
1360 root_llrlllrr -5.91741514206,-17.0849704742|-0.427326470613,14.081401825
130 root_llrlllrl -12.8029317856,-16.4188556671|-17.0928936005,9.10356330872
519 root_llrlllrl -9.6442117691,-19.5485744476|1.33379733562,10.2360363007
836 root_llrlllrl -5.58253097534,-18.2280979156|7.89716243744,5.75564241409
1018 root_llrlllrl -15.6042299271,-19.2209205627|19.4408245087,11.3585424423
1185 root_llrlllrl -12.6066532135,-19.5123710632|3.64852690697,6.80665159225
1394 root_llrlllrl -9.21741580963,-18.4841785431|-1.97507405281,7.39385271072
1805 root_llrlllrl -15.8221092224,-15.2761058807|17.9138259888,6.56778717041
167 root_llrllrr -12.8469295502,-17.6318321228|18.8307209015,18.5344944
260 root_llrllrr -18.7609348297,-17.4090671539|-2.21197867393,18.2111797333
461 root_llrllrr -7.38844823837,-16.7707939148|-19.2672252655,17.8928012848
842 root_llrllrr -9.82397651672,-18.2165775299|-1.86875474453,18.6003952026
959 root_llrllrr -8.57698345184,-17.8925094604|17.4409446716,17.8606376648
1625 root_llrllrr -16.9180107117,-17.2260227203|9.44323539734,18.9037246704
1897 root_llrllrr -11.9735040665,-17.4900112152|11.0712823868,18.3172092438
588 root_llrllllr -16.5682144165,-15.5001993179|-2.80001664162,10.0889596939
751 root_llrllllr -17.2195243835,-19.1319007874|19.1123371124,12.6671285629
1510 root_llrllllr -16.724439621,-17.6833267212|6.69201087952,8.90659332275
1664 root_llrllllr -16.71484375,-16.0602035522|-6.5168170929,12.5573749542
1718 root_llrllllr -16.6958751678,-15.1936740875|-8.47462749481,14.4064750671
1927 root_llrlllll -18.0381393433,-15.6648073196|-6.4671664238,12.1455039978
1940 root_llrllrr -9.17194652557,-15.8071117401|13.7928934097,18.7303142548
1961 root_llrllrl -18.2068920135,-19.0144767761|-13.5443687439,16.1673145294
1969 root_llrlllrl -7.35152959824,-18.0348300934|4.78659963608,10.5522851944
2229 root_llrlllrr -12.5685739517,-15.1346063614|16.8794956207,15.3019304276
2276 root_llrllrl -13.2145643234,-18.0025424957|-7.19618558884,17.1629276276
2292 root_llrlllrr -12.1194839478,-19.0336475372|6.56105995178,13.0539054871
