29
487 root_lrrrrlrl 3.45578098297,-13.8509540558|16.9091396332,18.9906845093
512 root_lrrrrlrl 0.289140582085,-1.75438785553|16.7600727081,-0.460700899363
615 root_lrrrrlrl -0.780869781971,-8.94399452209|16.673625946,1.22365272045
758 root_lrrrrlrl -2.32700109482,-17.5479335785|16.8008747101,-15.9365262985
1726 root_lrrrrlrl -4.53497600555,-14.0172138214|16.9286441803,6.26428747177
1921 root_lrrrrlrl -3.99362540245,-8.74788761139|16.9217586517,-6.40235900879
35 root_lrrrrllrr -1.512196064,-19.1369132996|16.2712612152,5.94241905212
1004 root_lrrrrllrr 4.79867506027,-19.4780101776|15.8650760651,5.49567270279
1448 root_lrrrrllrr 1.06133711338,-15.9581651688|15.836681366,-2.87028241158
1575 root_lrrrrllrr 1.11944532394,-6.44408273697|14.8164663315,-4.58315134048
1873 root_lrrrrllrr 0.123225040734,-11.4718589783|16.4149303436,10.1639575958
53 root_lrrrrllrl -2.51200222969,-8.48480510712|16.5484104156,-17.2585220337
1259 root_lrrrrllrl -1.80991637707,-14.4525232315|15.27546978,-9.00583076477
1491 root_lrrrrllrl 3.17476129532,-18.9746513367|15.815615654,-13.3197498322
1945 root_lrrrrllrl -1.59221959114,-18.2105731964|15.4143505096,-13.676738739
1 root_lrrrrlrr 0.355366289616,-16.027961731|19.2081108093,-4.50928211212
319 root_lrrrrlrr -3.51533174515,-19.4291381836|17.5278377533,-11.9390563965
505 root_lrrrrlrr -3.81578183174,-4.54370546341|19.242515564,-16.7571372986
818 root_lrrrrlrr -3.6263718605,-17.3114585876|17.8111572266,-19.6739597321
1160 root_lrrrrlrr 1.75423574448,-13.0829114914|17.7661304474,-10.0385484695
1463 root_lrrrrlrr 0.271327108145,-17.5725460052|18.0156764984,-5.46218013763
283 root_lrrrrlll -2.82575535774,-17.4835987091|15.1439399719,17.9766635895
613 root_lrrrrlll -4.6821231842,-16.6286964417|15.0187282562,-10.2036790848
1107 root_lrrrrlll -3.72168183327,-11.8788566589|15.0109024048,0.206517025828
1293 root_lrrrrlll -4.48449039459,-2.60749340057|16.2781734467,0.738491475582
1949 root_lrrrrlll -4.7016582489,-16.5029296875|16.5765380859,9.1839799881
2090 root_lrrrrlrr -3.62274432182,-12.4205713272|18.0065975189,8.19644165039
2295 root_lrrrrlrl -3.49001574516,-17.3671340942|17.0564880371,-3.17516183853
2324 root_lrrrrllrl 0.362045943737,-15.8194932938|15.7046766281,-19.1877784729
