27
262 root_rrlrrlrrrr 18.378950119,4.7985162735|9.96796321869,-17.0701789856
1178 root_rrlrrlrrrr 16.9315242767,5.99996423721|13.6542339325,-13.7155714035
1552 root_rrlrrlrrrr 19.2295627594,6.23534250259|11.8434343338,-17.0376548767
1682 root_rrlrrlrrrr 18.4413509369,11.2074565887|5.10431337357,-17.8046226501
1778 root_rrlrrlrrrr 17.4861736298,3.18546485901|14.7811050415,-16.3429450989
2156 root_rrlrrlrrrr 19.7824459076,3.2539908886|14.3700141907,-11.3738555908
54 root_rrlrrlrll 11.6887226105,14.3021707535|4.25771903992,-18.2054710388
378 root_rrlrrlrll 9.71369838715,4.20060920715|13.7175092697,-16.4018383026
680 root_rrlrrlrll 14.7862997055,7.78166007996|9.99934482574,-16.1225776672
1546 root_rrlrrlrll 13.0611438751,19.3659858704|12.0405321121,-17.6247882843
1881 root_rrlrrlrll 14.8629903793,12.4484014511|18.2074241638,-17.3684539795
2101 root_rrlrrlrll 10.1003551483,18.2998561859|18.1305541992,-17.1958827972
2141 root_rrlrrlrll 10.0566158295,18.724653244|19.3820571899,-18.9966278076
117 root_rrlrrlrlr 14.8910322189,10.1542234421|11.8839302063,-10.8725748062
689 root_rrlrrlrlr 11.6697387695,11.8371286392|14.4604740143,-10.4799070358
743 root_rrlrrlrlr 9.48005008698,13.9791984558|16.423116684,-14.021235466
1069 root_rrlrrlrlr 14.1658277512,15.4029970169|17.9344444275,-13.8852872849
1184 root_rrlrrlrlr 10.1754674911,0.108667820692|11.1580085754,-12.6042900085
365 root_rrlrrlrrrl 16.8275527954,5.33603858948|13.5103788376,-18.6590862274
693 root_rrlrrlrrrl 16.732963562,16.106508255|5.89460229874,-18.5202007294
1085 root_rrlrrlrrrl 16.7705593109,-0.589478373528|18.0689945221,-19.0164489746
1929 root_rrlrrlrrrl 16.7184104919,5.77512073517|14.7286834717,-15.2320051193
282 root_rrlrrlrrl 15.2340679169,18.4762001038|7.65209674835,-14.3202295303
288 root_rrlrrlrrl 15.6350011826,4.89436721802|12.4177341461,-14.5469818115
351 root_rrlrrlrrl 15.7856712341,18.9379062653|17.2263069153,-11.1603374481
1171 root_rrlrrlrrl 15.1439599991,4.55291509628|7.67724895477,-17.9686603546
2175 root_rrlrrlrrl 16.219329834,0.280218094587|18.4576129913,-15.3258895874
