29
771 root_rrlrllllrl 0.479137718678,8.24231433868|-8.57141017914,-19.065908432
1113 root_rrlrllllrl 0.846206009388,10.4838562012|-7.62239360809,0.28361672163
1143 root_rrlrllllrl 0.612425267696,19.1390018463|-5.30054140091,-2.25497198105
1263 root_rrlrllllrl 0.639445662498,19.9964084625|-6.73581171036,-5.36402225494
1994 root_rrlrllllrl 1.29283690453,8.57216644287|-6.6537194252,-3.91938710213
119 root_rrlrlllll 0.300559878349,14.4891633987|-3.55427718163,-6.38898801804
212 root_rrlrlllll -0.772843122482,17.2527523041|-4.29216146469,-2.46242189407
471 root_rrlrlllll -0.903967499733,1.87655711174|-7.6923532486,-12.0621967316
1028 root_rrlrlllll 0.076891720295,16.3484344482|-8.95101070404,-0.825599193573
1342 root_rrlrlllll -1.00059592724,0.0201630406082|-8.9000082016,-11.7874298096
47 root_rrlrlllrr 7.00371217728,19.4776077271|-5.63226079941,-18.9584445953
272 root_rrlrlllrr 7.01439428329,13.9955368042|-8.79698181152,1.1646900177
370 root_rrlrlllrr 5.61125087738,17.7708835602|-3.64677667618,-8.97816371918
423 root_rrlrlllrr 6.87819910049,13.0230903625|-7.41063928604,-2.40696048737
1334 root_rrlrlllrr 7.19973373413,14.2067975998|-4.03187799454,-6.59265089035
446 root_rrlrllllrr 3.98646569252,14.0378007889|-4.21067428589,-1.53913068771
1056 root_rrlrllllrr 1.77406930923,0.452278643847|-7.18111419678,-0.0371273010969
1098 root_rrlrllllrr 2.67988777161,-0.279473900795|-4.32319259644,-2.97858214378
1170 root_rrlrllllrr 2.49665617943,17.5634174347|-7.1254940033,-4.0927939415
1254 root_rrlrllllrr 4.39633369446,2.47615242004|-9.02836322784,-11.4396514893
1611 root_rrlrllllrr 2.20389151573,5.14187431335|-7.60505008698,-19.1162052155
355 root_rrlrlllrl 5.06041955948,8.955909729|-7.60786962509,-11.5397748947
856 root_rrlrlllrl 8.42415618896,11.5059118271|-8.62961769104,-8.61056804657
912 root_rrlrlllrl 7.48090600967,3.70329594612|-5.75536155701,-4.24541568756
980 root_rrlrlllrl 5.70137834549,3.92720246315|-5.63701295853,-12.4570007324
1403 root_rrlrlllrl 7.87638950348,6.73313236237|-7.40989351273,-10.3765735626
1446 root_rrlrlllrl 6.18098783493,9.64528942108|-6.02492570877,-17.7024440765
2182 root_rrlrlllll -0.68428003788,-0.550433695316|-4.40253353119,-17.4985656738
2303 root_rrlrlllll -0.76375323534,19.0602245331|-6.0590672493,-5.68364477158
