34
187 root_rlllllll -18.5472564697,0.393808722496|-18.7913532257,-13.5534648895
279 root_rlllllll -18.4301681519,1.24453532696|-18.8017425537,10.7085514069
530 root_rlllllll -18.0303630829,-0.263270497322|-18.9863109589,-10.3620710373
1731 root_rlllllll -12.0010595322,3.85306835175|-19.2624988556,3.64868044853
83 root_rlllllrrrr -14.791220665,2.27102804184|-9.58243942261,12.6310386658
449 root_rlllllrrrr -18.1622924805,3.21277666092|-10.6875362396,16.4988918304
598 root_rlllllrrrr -13.2675199509,0.864762485027|-14.6665468216,19.0421390533
1218 root_rlllllrrrr -17.2288398743,1.4872790575|-15.8521366119,12.6044950485
1497 root_rlllllrrrr -15.4066228867,3.11743950844|-13.0833826065,15.7314815521
806 root_rlllllrrll -16.163640976,1.010237813|-14.9607210159,0.176976621151
848 root_rlllllrrll -13.9450073242,4.9265127182|-14.2281160355,-4.37727689743
1322 root_rlllllrrll -16.5594501495,0.974545836449|-14.9506788254,1.15115630627
2022 root_rlllllrrll -16.4962024689,1.98285257816|-14.7250423431,-7.83470869064
893 root_rlllllrrrl -14.0057983398,0.668147146702|-13.5990619659,11.663520813
1049 root_rlllllrrrl -16.3994369507,2.90574598312|-10.6893548965,3.10506677628
1638 root_rlllllrrrl -14.1027727127,4.73661470413|-9.76061916351,6.89354228973
2308 root_rlllllrrrl -13.0903081894,2.80242109299|-15.4818687439,6.85474824905
381 root_rlllllrrlr -17.6290378571,1.4404579401|-12.1785879135,-11.9124002457
835 root_rlllllrrlr -15.9259414673,1.47691345215|-13.2137098312,-15.3271656036
1387 root_rlllllrrlr -14.2938537598,3.37682914734|-12.0793762207,-5.21829414368
1506 root_rlllllrrlr -17.9703788757,4.47526502609|-12.1107969284,-11.1619586945
1730 root_rlllllrrlr -19.7378997803,3.16972899437|-13.2914228439,-2.11812877655
257 root_rlllllrl -18.3487224579,0.382109612226|-10.48042202,-3.08145809174
342 root_rlllllrl -17.3780708313,-0.74473875761|-14.6635046005,8.31027793884
443 root_rlllllrl -19.8324012756,0.0329598970711|-13.232635498,-10.8328485489
468 root_rlllllrl -18.1954307556,0.115296915174|-11.4436731339,18.5174179077
837 root_rlllllrl -15.0541667938,0.206518232822|-11.3575677872,-15.0830841064
1130 root_rlllllrl -17.6170654297,0.0346696190536|-14.474190712,-17.428232193
316 root_rllllllr -14.6552143097,5.25389671326|-17.5418148041,-13.3791780472
372 root_rllllllr -16.7598876953,1.08255624771|-18.0690670013,-13.1779747009
638 root_rllllllr -16.6866416931,5.19909954071|-18.0862636566,5.31183958054
901 root_rllllllr -12.5176391602,3.15835309029|-17.7240982056,-12.3193750381
2030 root_rllllllr -13.4232883453,1.50574624538|-17.5745811462,-5.3080906868
2260 root_rllllllr -19.2378673553,3.47277235985|-16.941242218,-17.2904033661
