48
120 root_rrrrllrr 8.17727565765,4.36974287033|5.58277606964,11.58086586
152 root_rrrrllrr 19.4191532135,7.39943599701|13.2546081543,11.6455106735
258 root_rrrrllrr 11.2020053864,10.8308401108|5.06693029404,11.9486265182
1122 root_rrrrllrr 18.1076812744,8.61778259277|-1.29869890213,12.0009117126
1632 root_rrrrllrr 16.134262085,8.52138900757|-9.89059448242,12.3414974213
185 root_rrrrlrll -1.63594484329,12.3808107376|-12.0897541046,11.3283319473
425 root_rrrrlrll 1.47964000702,17.8077659607|-8.62008666992,11.7446260452
1444 root_rrrrlrll -0.0126365758479,16.6870059967|-16.63722229,11.1933069229
1450 root_rrrrlrll -0.806709885597,15.6342926025|-10.6930789948,10.5429468155
1201 root_rrrrlrrrr 15.920583725,19.7593002319|14.775809288,11.4968252182
1205 root_rrrrlrrrr 9.25172519684,19.0984210968|14.2603092194,11.0958223343
1250 root_rrrrlrrrr 15.3504180908,18.6754016876|17.0242958069,11.6857442856
1602 root_rrrrlrrrr 9.6155090332,15.5907001495|14.5407886505,11.3001623154
1951 root_rrrrlrrrr 15.4013738632,12.9313688278|14.0826501846,11.3079576492
39 root_rrrrlllr 6.33737611771,9.2381477356|-9.23421669006,10.528383255
305 root_rrrrlllr 7.48923206329,1.6953959465|-3.47175478935,11.9480791092
388 root_rrrrlllr 6.72161865234,0.53432738781|4.11900377274,11.7696809769
796 root_rrrrlllr 3.65354776382,11.0076284409|10.9024457932,11.0352039337
914 root_rrrrlllr 5.13271141052,0.479235082865|-15.8801813126,11.4188461304
1710 root_rrrrlllr 7.68917179108,8.77114486694|13.2358894348,11.2053823471
1796 root_rrrrlllr 3.39462256432,6.64921569824|-0.815077245235,10.7121810913
593 root_rrrrllrl 13.9313735962,7.35314512253|11.6728887558,10.4455413818
654 root_rrrrllrl 16.9720916748,0.158435836434|9.61969566345,10.5365285873
1598 root_rrrrllrl 16.6743564606,8.3603849411|-11.0504159927,10.2623844147
2313 root_rrrrllrl 19.8756942749,10.8061494827|-4.9143614769,11.2591514587
5 root_rrrrlrrrl 8.11395263672,19.8715782166|-4.29920625687,11.8966445923
1165 root_rrrrlrrrl 13.4494800568,12.0686016083|10.5911884308,11.6076602936
2081 root_rrrrlrrrl 9.41334915161,11.7336654663|5.13864946365,11.0646934509
2082 root_rrrrlrrrl 12.6252889633,19.4753856659|9.85464954376,12.2210178375
74 root_rrrrlrlr 11.4005651474,17.8976669312|-16.2948703766,11.5342121124
322 root_rrrrlrlr 3.85409832001,16.6958065033|-10.7816419601,12.1997060776
822 root_rrrrlrlr 19.8139667511,12.3267536163|-12.3874893188,11.6512403488
1576 root_rrrrlrlr 8.22650337219,15.1625881195|-17.1426963806,11.1426954269
1678 root_rrrrlrlr 7.09751749039,16.3881797791|-13.7901010513,10.970126152
1818 root_rrrrlrlr 10.3279428482,17.0253143311|-12.6598625183,12.2753124237
2054 root_rrrrlrlr 8.41896057129,17.3915500641|-10.3669309616,12.327038765
136 root_rrrrlrrl 7.27478790283,15.9770383835|1.39204204082,10.916431427
143 root_rrrrlrrl 0.517261445522,17.8326320648|-7.04766082764,11.9311151505
382 root_rrrrlrrl 0.943576157093,15.0791559219|4.70032596588,11.1054906845
606 root_rrrrlrrl 4.63090276718,13.7697162628|12.6246976852,11.3559131622
1306 root_rrrrlrrl 0.419370919466,17.3269863129|17.2343788147,11.8085985184
1631 root_rrrrlrrl -0.317375332117,17.79945755|-7.67162132263,10.5209226608
1933 root_rrrrlrrl 3.50920176506,12.0741815567|-1.62001395226,12.048122406
734 root_rrrrllll -1.78671848774,10.0100717545|-10.8791437149,11.3979587555
797 root_rrrrllll -0.6632989645,5.37348079681|3.15756392479,10.5237522125
1075 root_rrrrllll 2.60427069664,5.83770751953|-10.5697383881,11.4663496017
1257 root_rrrrllll -0.45011049509,0.786879777908|-2.59414196014,11.0212020874
2267 root_rrrrllll 2.7472448349,4.70780706406|-19.4183311462,11.0938568115
