19
156 root_lllrllrlr -12.4896507263,-10.3605070114|8.78549480438,-12.1487216949
950 root_lllrllrlr -13.8882989883,-10.7514467239|6.63346672058,3.92978525162
1097 root_lllrllrlr -13.3515405655,-11.7966527939|3.6067340374,-11.1851787567
1269 root_lllrllrlr -15.2510299683,-12.1208095551|2.78445696831,-9.68522644043
1988 root_lllrllrlr -16.9718074799,-10.5027256012|3.45277428627,-16.2360229492
49 root_lllrllrrr -9.8821182251,-10.6864509583|-0.949362277985,-10.8044662476
908 root_lllrllrrr -5.45274877548,-10.2433671951|17.3713169098,-18.4961013794
1656 root_lllrllrrr -5.1186747551,-11.0667495728|3.73159003258,-7.49522256851
1715 root_lllrllrrr -5.27528238297,-11.0470094681|8.44677639008,-11.5698289871
2243 root_lllrllrrr -7.38619232178,-10.5567512512|17.9775753021,-3.42481136322
303 root_lllrllrll -15.5435009003,-11.0503854752|-0.189404994249,0.221712887287
359 root_lllrllrll -11.0433988571,-11.7589893341|2.28445529938,-2.83196806908
895 root_lllrllrll -11.2239322662,-12.6761245728|-0.211545482278,-13.7366847992
2207 root_lllrllrll -11.9150362015,-12.6008338928|2.68134284019,3.27923417091
2254 root_lllrllrll -17.756734848,-11.0422744751|1.46341133118,-16.7661342621
439 root_lllrllrrl -5.59480667114,-12.6499328613|0.513940513134,-2.01996135712
872 root_lllrllrrl -10.3656597137,-11.693696022|5.93025445938,-6.81972789764
885 root_lllrllrrl -8.41350841522,-11.4606628418|8.32604217529,-16.8067512512
1498 root_lllrllrrl -7.14035224915,-11.1020784378|8.14622592926,5.16004419327
