48
334 root_rrlrrrrrrrrr 17.0474586487,17.4886837006|17.5407485962,-1.42615365982
805 root_rrlrrrrrrrrr 15.1798057556,19.1087799072|18.4263553619,-5.4054517746
1507 root_rrlrrrrrrrrr 14.9510793686,13.9459609985|17.9270534515,-2.03778481483
1890 root_rrlrrrrrrrrr 18.047077179,-0.128639489412|18.0724334717,0.595737874508
2004 root_rrlrrrrrrrrr 16.3703765869,4.37319660187|17.4327487946,-4.66395759583
88 root_rrlrrrrllr 19.811674118,12.4125385284|-1.89781093597,-3.79137539864
779 root_rrlrrrrllr 18.0174369812,13.7598571777|-1.22922301292,-7.78416347504
831 root_rrlrrrrllr 19.6434841156,4.87506389618|-0.707162678242,-9.06078624725
1872 root_rrlrrrrllr 16.3271541595,10.6636648178|0.953658103943,-4.52622938156
2021 root_rrlrrrrllr 13.2174949646,17.0627479553|-0.160789072514,-7.59885597229
483 root_rrlrrrrrll 14.7372074127,-0.935783624649|2.94634127617,-6.31282520294
1096 root_rrlrrrrrll 16.4382972717,12.5105724335|4.60324954987,-4.90036010742
1099 root_rrlrrrrrll 18.8365020752,15.5771875381|2.76092648506,0.219875872135
1318 root_rrlrrrrrll 16.996219635,13.4103136063|6.82925987244,-9.95606994629
1586 root_rrlrrrrrll 14.7108268738,17.3353309631|2.20209574699,-9.6197309494
1712 root_rrlrrrrrll 16.5994930267,11.5645933151|1.51926386356,-3.92707848549
462 root_rrlrrrrrrrl 18.2935848236,-0.0265736319125|13.4401321411,-9.54787158966
595 root_rrlrrrrrrrl 19.5422859192,1.26118826866|16.4102878571,-8.19568157196
1486 root_rrlrrrrrrrl 14.3863449097,17.2737922668|16.2886180878,-7.17610025406
1523 root_rrlrrrrrrrl 14.5746469498,-0.544296979904|16.8134422302,-6.13418722153
1583 root_rrlrrrrrrrl 18.620967865,6.0097489357|13.9082889557,-6.10495281219
2029 root_rrlrrrrrrrl 15.382273674,11.6480588913|15.6511478424,-7.21082639694
919 root_rrlrrrrrrrrl 18.9609909058,16.7686386108|14.3950214386,1.39629971981
991 root_rrlrrrrrrrrl 17.4088611603,18.5718364716|16.3345432281,-0.990932047367
2089 root_rrlrrrrrrrrl 18.4930610657,8.61996650696|16.5290107727,-2.18105959892
2274 root_rrlrrrrrrrrl 12.471988678,0.858350753784|16.8680114746,1.62333214283
138 root_rrlrrrrrlr 12.6300077438,15.3195571899|1.50280714035,0.461003154516
229 root_rrlrrrrrlr 17.9972839355,18.2261810303|7.39067173004,1.76249730587
545 root_rrlrrrrrlr 16.6380901337,9.23475170135|2.73721432686,1.61032211781
586 root_rrlrrrrrlr 18.4443016052,10.0290584564|2.91172909737,1.75603115559
1067 root_rrlrrrrrlr 12.8336315155,3.14848327637|3.33630418777,1.32435679436
287 root_rrlrrrrlll 17.3462581635,10.0540790558|-4.2150592804,-7.27262687683
1395 root_rrlrrrrlll 12.3550930023,1.65589797497|-6.81716394424,-7.89851760864
1684 root_rrlrrrrlll 19.0623149872,1.60156488419|-3.42881298065,-4.17074918747
1813 root_rrlrrrrlll 16.7322177887,11.1484174728|-8.25058746338,-4.74516391754
2110 root_rrlrrrrlll 15.8874187469,8.73508358002|-3.91466403008,-4.0146188736
172 root_rrlrrrrrrl 15.6581888199,2.05792546272|12.220454216,-9.73578929901
182 root_rrlrrrrrrl 14.8018360138,13.8367347717|7.39471197128,-0.320471227169
494 root_rrlrrrrrrl 17.0309181213,0.10258577764|10.4764261246,-8.14887523651
701 root_rrlrrrrrrl 14.4634685516,13.8930387497|11.7599277496,-8.71429729462
2225 root_rrlrrrrrrl 17.0050010681,12.292470932|8.34680652618,-7.46735477448
299 root_rrlrrrrlr 14.557516098,18.9937000275|1.30727016926,-0.17846660316
321 root_rrlrrrrlr 17.2401065826,13.5637340546|-0.101097889245,0.932958722115
421 root_rrlrrrrlr 12.8582391739,17.0345458984|-2.00131106377,-3.50104594231
705 root_rrlrrrrlr 15.883641243,0.280696213245|-2.29912924767,-3.76829838753
1204 root_rrlrrrrlr 14.680138588,10.6047945023|-3.39218354225,0.28916144371
1732 root_rrlrrrrlr 17.8134269714,0.523172497749|-3.87908864021,-2.3082921505
2340 root_rrlrrrrrll 19.995464325,10.2857294083|1.44516384602,-8.80466365814
