39
270 root_rlrrlrlr -3.12528514862,14.562951088|1.78129017353,-16.547586441
566 root_rlrrlrlr -2.09494185448,7.19823598862|-6.0274939537,-15.2111635208
1683 root_rlrrlrlr -1.81324982643,12.3353939056|-17.3054618835,-16.6634140015
1869 root_rlrrlrlr -2.81381344795,14.345249176|-16.4586467743,-15.8799705505
2165 root_rlrrlrlr -2.22223258018,10.1122846603|2.10807776451,-14.854511261
128 root_rlrrllr -7.07084465027,19.1707115173|12.0557394028,-16.2243080139
150 root_rlrrllr -4.5569729805,19.5822219849|0.376533150673,-15.7182207108
226 root_rlrrllr -8.64337539673,16.8865451813|-11.3684263229,-17.6418323517
407 root_rlrrllr -7.43228960037,19.9896278381|18.3507003784,-18.4415817261
891 root_rlrrllr -7.18020868301,19.7585639954|0.819469571114,-15.9898967743
1227 root_rlrrllr -8.14305114746,19.615852356|9.91471576691,-17.2764759064
416 root_rlrrllll -8.08810138702,1.63151824474|-12.1691265106,-15.4964914322
458 root_rlrrllll -5.25833129883,7.45900058746|-0.337140500546,-13.4739990234
1147 root_rlrrllll -7.48186635971,3.63629460335|-18.7474460602,-16.9345779419
1345 root_rlrrllll -7.02299022675,11.126080513|-9.44808673859,-17.9283599854
1545 root_rlrrllll -5.06259155273,9.73740577698|0.854277610779,-12.715546608
1561 root_rlrrllll -5.64864730835,12.2155170441|-10.5056600571,-12.4595899582
1792 root_rlrrllll -9.10270786285,1.86772692204|-4.76102876663,-17.0409660339
2109 root_rlrrllll -4.00147771835,13.337223053|-14.016740799,-13.0704269409
66 root_rlrrlllr -9.93094158173,11.598531723|12.9098854065,-13.7561388016
939 root_rlrrlllr -8.0255241394,-0.624830842018|11.1158123016,-15.983839035
982 root_rlrrlllr -4.74759054184,8.88050174713|16.8709182739,-13.8231430054
1258 root_rlrrlllr -3.86768364906,-1.0146766901|11.8042755127,-17.0565071106
1382 root_rlrrlllr -7.89110612869,7.28611326218|5.07348394394,-15.4231357574
1744 root_rlrrlllr -9.69953632355,11.246635437|5.74702835083,-17.0749855042
1938 root_rlrrlllr -7.17013454437,12.0171604156|18.1635322571,-13.1965141296
15 root_rlrrlrr -2.42312145233,16.1650886536|8.17591571808,-17.2602596283
281 root_rlrrlrr -1.86967480183,15.1694459915|2.80529332161,-15.136382103
308 root_rlrrlrr -2.93946242332,11.1523036957|8.01523208618,-18.5859775543
947 root_rlrrlrr -3.22447013855,0.796512961388|4.62862205505,-17.0343875885
1206 root_rlrrlrr -2.40907669067,0.7763915658|9.68568897247,-13.7811841965
1675 root_rlrrlrr -2.01303458214,13.4571390152|3.4742770195,-14.271569252
1702 root_rlrrlrr -3.60260629654,13.4471998215|2.66319704056,-19.3794212341
1781 root_rlrrlrr -2.74636220932,17.984369278|16.742269516,-15.0324497223
398 root_rlrrlrll -2.02421760559,-0.625651180744|-13.3443050385,-14.42507267
855 root_rlrrlrll -3.45588707924,2.54997634888|1.13205432892,-17.8566741943
1371 root_rlrrlrll -2.26447486877,1.42346131802|-10.3813486099,-18.8675861359
1528 root_rlrrlrll -1.85943245888,4.90249729156|-17.9518280029,-18.6592731476
2326 root_rlrrlrll -3.4520843029,0.21047475934|-12.0983972549,-17.7400608063
