26
327 root_rrlrllrlrr -1.17644703388,8.30906772614|-0.817502319813,-2.84288644791
569 root_rrlrllrlrr 1.45559298992,14.9428262711|-0.485029995441,-1.89571750164
1289 root_rrlrllrlrr 5.3971953392,11.1985216141|0.03249393031,-10.0783987045
1494 root_rrlrllrlrr -0.984585464001,8.90588474274|-1.60158443451,0.988270699978
1856 root_rrlrllrlrr 1.14316058159,5.28169822693|0.870592296124,-3.84582042694
197 root_rrlrllrrl 6.57410621643,6.46421527863|0.129234626889,-1.86678874493
1191 root_rrlrllrrl 5.58102560043,7.28284597397|-3.21557998657,-11.5202379227
1966 root_rrlrllrrl 6.59303617477,4.90517187119|-2.86331486702,-18.6242141724
2042 root_rrlrllrrl 6.46737909317,7.24483823776|-3.32098007202,-6.20044279099
147 root_rrlrllrrr 8.74343395233,2.92242288589|0.906820833683,-17.0536575317
456 root_rrlrllrrr 7.20683383942,15.54708004|-0.0998419448733,-6.66565752029
564 root_rrlrllrrr 7.32408046722,11.6882009506|-2.05205368996,-19.1807060242
603 root_rrlrllrrr 8.59698390961,5.37897062302|-3.38113045692,-15.7807064056
1461 root_rrlrllrrr 8.45111751556,8.99566268921|-1.79296600819,-15.6714029312
717 root_rrlrllrlrl 1.33144319057,2.22847485542|-1.75445318222,-12.1293077469
788 root_rrlrllrlrl 2.95087838173,3.79227542877|-0.169913589954,-15.5305509567
1477 root_rrlrllrlrl 1.43210470676,-0.488894253969|-1.18074405193,-3.98111104965
1786 root_rrlrllrlrl 1.35372185707,4.35802459717|-0.111291669309,-0.0657347366214
243 root_rrlrllrll -0.585044205189,6.65878486633|-3.36529827118,-9.59249401093
300 root_rrlrllrll 4.42468738556,1.20497667789|-2.7354695797,-15.503203392
1357 root_rrlrllrll 3.5536968708,2.30157351494|-2.19886016846,-11.9702291489
1364 root_rrlrllrll 4.80512237549,19.8315963745|-2.08543753624,-3.21279668808
1492 root_rrlrllrll -1.52277946472,13.6748085022|-3.20035195351,-1.10530376434
2119 root_rrlrllrll -0.578713595867,19.2705917358|-2.63912630081,-2.92223548889
2138 root_rrlrllrrr 7.30635547638,12.5581474304|-1.6057870388,-11.6696748734
2327 root_rrlrllrrl 6.8349776268,16.8217525482|-2.96017408371,0.669328570366
