33
499 root_lrlllrrrlr 4.15466547012,-4.98012256622|-10.1353292465,-13.7508068085
944 root_lrlllrrrlr 1.79699826241,-4.60397624969|-12.3977813721,11.0644979477
1934 root_lrlllrrrlr 3.42807221413,-5.65378522873|-12.7581520081,-19.501543045
2148 root_lrlllrrrlr 3.75015449524,-5.5155711174|-9.49957275391,-8.93410301208
2256 root_lrlllrrrlr 1.10776877403,-1.56504273415|-13.0816001892,-14.9321975708
195 root_lrlllrrlll -4.48306179047,-7.17767095566|-9.7512550354,-15.5737543106
286 root_lrlllrrlll -4.70558452606,-7.75765514374|-7.26333284378,15.1047353745
1976 root_lrlllrrlll -4.3200469017,-6.61175203323|-11.589468956,-18.3910007477
2120 root_lrlllrrlll -4.8558754921,-8.54855155945|-11.0968122482,-8.28022766113
255 root_lrlllrrlr -0.543376505375,-5.71503591537|-10.2173252106,13.9040594101
430 root_lrlllrrlr -0.845791757107,-3.5223801136|-8.73281288147,-6.54757452011
777 root_lrlllrrlr -1.34597325325,-7.25162982941|-8.3446264267,12.5079116821
795 root_lrlllrrlr -1.44834470749,-7.86707639694|-7.27977275848,-7.71611881256
930 root_lrlllrrlr -1.3968347311,-1.55741143227|-10.8321285248,-1.08581125736
1485 root_lrlllrrlr -0.682709038258,-6.37207698822|-7.33342933655,-10.3508396149
1670 root_lrlllrrlr -0.609272003174,-7.10807228088|-7.12055969238,-10.357755661
2071 root_lrlllrrlr -0.648341655731,-6.46709537506|-7.21406698227,-14.6529989243
793 root_lrlllrrllr -2.52159261703,-2.23331332207|-11.5464630127,17.3279953003
1197 root_lrlllrrllr -2.3805270195,-6.39838504791|-11.2499904633,-6.59774255753
1419 root_lrlllrrllr -3.80699896812,-7.97073602676|-8.83264160156,-10.3221101761
1972 root_lrlllrrllr -2.99149775505,-3.27528429031|-7.42803001404,17.2443733215
2272 root_lrlllrrllr -1.9473798275,-8.41900348663|-8.32991313934,-13.4217643738
438 root_lrlllrrrll 0.787791550159,-1.52244377136|-7.90322828293,-12.0654230118
652 root_lrlllrrrll 0.131357088685,-8.25063800812|-6.59980106354,-19.2186203003
1175 root_lrlllrrrll 0.561620116234,-1.22089529037|-6.47594499588,-3.73473215103
1428 root_lrlllrrrll 0.265568673611,-3.6221973896|-8.74007129669,11.1007728577
43 root_lrlllrrrr 9.6573600769,-7.89131832123|-14.5492229462,9.34027576447
189 root_lrlllrrrr 6.44542217255,-8.25287246704|-9.22400665283,14.6796417236
310 root_lrlllrrrr 7.18343687057,-3.14967417717|-7.83013725281,14.2623901367
733 root_lrlllrrrr 6.32007932663,-6.63429403305|-7.44180107117,10.4457960129
913 root_lrlllrrrr 8.13932418823,-7.2656211853|-7.01312589645,13.7577972412
1720 root_lrlllrrrr 8.2689371109,-4.72797775269|-9.23421287537,6.23292970657
2290 root_lrlllrrlll -4.09666919708,-6.03530931473|-11.2942743301,-0.392803132534
