41
518 root_lrrrrrrlrr 19.5165576935,-11.235663414|15.7603311539,-2.52547955513
951 root_lrrrrrrlrr 18.8407459259,-11.5316104889|17.7252388,-9.24833011627
957 root_lrrrrrrlrr 17.3672885895,-13.4820671082|18.0506629944,-1.3362019062
1321 root_lrrrrrrlrr 15.6462726593,-12.7054538727|16.0512771606,-1.89609527588
1384 root_lrrrrrrlrr 15.0150766373,-12.8425836563|16.544965744,-0.6203135252
1169 root_lrrrrrrllr 15.6187582016,-17.2192630768|19.9817962646,6.50954914093
1216 root_lrrrrrrllr 16.4361362457,-16.1986885071|17.6821861267,-1.65985500813
1412 root_lrrrrrrllr 19.8184623718,-16.3544120789|16.4172134399,3.4511988163
1689 root_lrrrrrrllr 15.4921970367,-17.6434898376|15.7700004578,-3.72586417198
1777 root_lrrrrrrllr 14.8395004272,-16.8421478271|15.2563066483,-18.7567138672
1991 root_lrrrrrrllr 14.7009811401,-16.5972099304|16.059753418,15.8271503448
58 root_lrrrrrrrrr 17.5628490448,-3.03466677666|17.4201889038,-6.25759077072
799 root_lrrrrrrrrr 18.4703388214,-3.48043656349|19.3611412048,9.27560138702
1408 root_lrrrrrrrrr 15.2100229263,-5.84310102463|16.5328159332,-5.96842670441
1617 root_lrrrrrrrrr 15.6666793823,-6.12554264069|18.2465724945,-1.34421312809
1901 root_lrrrrrrrrr 13.8345632553,-3.78023576736|17.81366539,5.67513370514
2077 root_lrrrrrrrrr 19.6833515167,-7.98217058182|18.5899868011,-2.01450943947
1071 root_lrrrrrrlrl 18.0950717926,-13.936923027|19.7981758118,11.096578598
1117 root_lrrrrrrlrl 16.3343982697,-15.071723938|18.9260063171,1.45824062824
1443 root_lrrrrrrlrl 13.7862901688,-15.1389770508|18.4229812622,-5.04312181473
2190 root_lrrrrrrlrl 18.5795402527,-14.2963180542|17.7756233215,4.35838317871
113 root_lrrrrrrlll 19.170042038,-19.9973964691|14.7522144318,9.11156845093
203 root_lrrrrrrlll 15.7795610428,-18.4181251526|17.2575511932,-8.44535446167
335 root_lrrrrrrlll 14.2704238892,-19.3073005676|17.0536689758,16.988740921
1629 root_lrrrrrrlll 17.9194316864,-18.8599777222|15.0134372711,-16.9675483704
2140 root_lrrrrrrlll 19.4291477203,-19.4954910278|18.7690448761,-0.578423798084
2168 root_lrrrrrrlll 16.3532829285,-19.9441452026|17.5362472534,-19.4420394897
360 root_lrrrrrrrl 13.9133234024,-10.4148025513|15.7215156555,-13.9931850433
554 root_lrrrrrrrl 19.9756507874,-4.14686870575|18.3176708221,-9.00395488739
858 root_lrrrrrrrl 17.2539196014,-5.83601427078|14.847574234,-9.09031009674
1482 root_lrrrrrrrl 18.9463539124,-9.42096328735|18.986656189,-6.88432216644
1924 root_lrrrrrrrl 16.1759662628,-8.62541484833|17.39569664,-15.2241334915
1947 root_lrrrrrrrl 15.1289205551,-4.80376195908|18.6004333496,-13.965678215
1292 root_lrrrrrrrrl 15.5481290817,-4.49492454529|15.0788021088,6.54449033737
1330 root_lrrrrrrrrl 16.9458217621,-6.22227621078|15.1265010834,1.70889627934
1595 root_lrrrrrrrrl 13.7167625427,-3.25450921059|15.2263364792,1.61181950569
1776 root_lrrrrrrrrl 18.9496479034,-9.06162452698|16.453119278,11.8450727463
2223 root_lrrrrrrlrr 14.3144950867,-12.0324087143|17.80286026,-2.82126450539
2297 root_lrrrrrrrrr 18.4516029358,-5.36161470413|19.5795288086,3.33697414398
2298 root_lrrrrrrrrr 14.0265407562,-1.15802240372|18.3647232056,6.67720079422
2316 root_lrrrrrrrl 19.5545768738,-5.24204826355|20.0017108917,-14.6456232071
