32
112 root_rrllrrrr 15.2346687317,9.58340835571|-10.3052005768,1.35350179672
983 root_rrllrrrr 18.98229599,14.1364440918|-11.2414665222,0.385447770357
1654 root_rrllrrrr 14.4348478317,14.7806091309|-9.63936233521,-11.4129552841
1756 root_rrllrrrr 10.699174881,14.3805990219|-11.134721756,-6.96471071243
1979 root_rrllrrrr 15.5734243393,16.7099819183|-10.0980434418,-15.2231397629
38 root_rrllrll 2.82056665421,13.996307373|-12.8613376617,-13.4644136429
64 root_rrllrll 4.85332012177,15.9261655807|-12.7387428284,-2.52769160271
204 root_rrllrll 8.87437534332,5.26643466949|-11.0593671799,-1.34281349182
1451 root_rrllrll 0.476639986038,19.8286514282|-11.5678195953,-3.30152964592
481 root_rrllrrrl 9.4772977829,5.40145969391|-10.0545797348,-9.7971868515
543 root_rrllrrrl 16.6772327423,1.58695232868|-11.086353302,-17.9876766205
1149 root_rrllrrrl 9.45308876038,3.33985543251|-11.0552892685,-10.5198297501
1642 root_rrllrrrl 19.7554893494,0.204315364361|-11.4521598816,-4.30561828613
18 root_rrllrrl 10.424902916,16.6051750183|-13.2052984238,-3.60104417801
141 root_rrllrrl 16.9211139679,16.2872371674|-11.7024669647,-9.069688797
823 root_rrllrrl 13.6906175613,10.9666957855|-12.0601139069,-13.2438097
857 root_rrllrrl 12.0014514923,10.9373817444|-12.4971656799,-10.9180650711
1317 root_rrllrrl 19.7209625244,11.9564275742|-11.4745693207,-2.38504195213
725 root_rrllrlr 1.72905564308,19.9444980621|-9.43622875214,-19.3444385529
1284 root_rrllrlr 6.30258083344,19.6939678192|-11.0333433151,-1.50784766674
1680 root_rrllrlr 3.27658605576,18.4431056976|-10.7183952332,-7.26312637329
1795 root_rrllrlr -1.30666184425,11.1777887344|-9.97071743011,-5.24009275436
1802 root_rrllrlr -0.258131146431,1.41049361229|-9.93644618988,-7.57966995239
1843 root_rrllrlr -0.917167186737,7.95094776154|-9.96336364746,-7.58845901489
1990 root_rrllrll 7.34810066223,2.54187369347|-12.0660190582,-8.08300685883
2059 root_rrllrrrr 19.8451595306,12.2461252213|-9.3574590683,-3.74107074738
2062 root_rrllrll 8.70143890381,5.51177310944|-11.2325878143,1.38946950436
2079 root_rrllrll 2.41762304306,18.9361476898|-12.655251503,-12.9423446655
2206 root_rrllrrl 11.6093959808,12.3116817474|-11.7051267624,-3.55506277084
2211 root_rrllrrrr 13.1837797165,9.5358581543|-10.2103824615,-4.96938180923
2273 root_rrllrlr 8.42975234985,8.54798793793|-10.602604866,-10.2118873596
2339 root_rrllrrrr 9.44903373718,15.0651979446|-9.59859275818,-13.8332824707
