26
864 root_rllllrrrrr -19.9378814697,5.17333459854|14.0778865814,-16.8249893188
897 root_rllllrrrrr -16.9916725159,4.97284603119|1.73724353313,-0.413456380367
1436 root_rllllrrrrr -15.8114948273,4.42912960052|5.37196302414,-11.1268129349
1592 root_rllllrrrrr -16.1024017334,4.25483465195|8.10050678253,8.64154720306
2033 root_rllllrrrrr -15.0219640732,4.40060663223|18.2804431915,15.5805149078
211 root_rllllrrll -19.0885753632,2.18800115585|-8.79620456696,-17.8662776947
547 root_rllllrrll -18.5349845886,2.98918056488|5.85256910324,-11.16447258
1766 root_rllllrrll -18.8195495605,2.06259799004|-0.853929460049,-4.69784069061
2065 root_rllllrrll -19.9509067535,2.8869535923|-5.42130899429,13.2427358627
2102 root_rllllrrll -19.8940181732,2.12097811699|1.16044330597,-6.14002895355
129 root_rllllrrrl -18.8490695953,4.00188541412|-7.54388618469,18.6822319031
394 root_rllllrrrl -18.9098167419,3.4422814846|-3.52309179306,15.3506269455
890 root_rllllrrrl -18.4116458893,4.21740341187|-8.58668899536,-11.5141410828
1343 root_rllllrrrl -14.65807724,3.8521900177|-1.44626998901,-0.470193058252
723 root_rllllrrrrl -13.1557273865,3.44481873512|1.12899649143,-11.2068471909
1023 root_rllllrrrrl -13.4150266647,3.70110273361|6.3001203537,-10.7338571548
1234 root_rllllrrrrl -15.7397708893,3.30529022217|10.7728881836,8.84232902527
1785 root_rllllrrrrl -15.0621862411,3.64006638527|3.90956139565,-5.4046587944
256 root_rllllrrlr -16.6418628693,3.09595990181|9.60939311981,-7.12033510208
862 root_rllllrrlr -13.4635658264,3.03340196609|2.74231028557,-13.4598207474
1377 root_rllllrrlr -17.3376903534,2.46593260765|9.88300991058,12.8324241638
1386 root_rllllrrlr -11.8419466019,2.939848423|-7.45574188232,-10.8927412033
2039 root_rllllrrlr -14.961933136,2.20886802673|6.61661529541,13.5451192856
2157 root_rllllrrrrr -17.5766067505,4.43281698227|5.59705448151,-7.21097803116
2282 root_rllllrrrrr -16.2037086487,4.44917726517|19.0304718018,-16.0216579437
2318 root_rllllrrrrr -17.7278232574,5.20453214645|17.7312145233,-17.6014537811
