26
186 root_rrrrrrlrl 12.7890872955,3.60218095779|-14.6126470566,16.5764808655
802 root_rrrrrrlrl 12.971622467,-0.584655761719|-2.47154426575,16.798620224
1072 root_rrrrrrlrl 12.9314193726,10.7693939209|3.93255114555,17.0978984833
1442 root_rrrrrrlrl 12.6498594284,7.01230573654|-0.390854001045,18.5658874512
1521 root_rrrrrrlrl 11.7215709686,1.8534437418|4.15172052383,15.7424144745
1937 root_rrrrrrlrl 12.210773468,19.4290046692|-13.0838909149,17.3398628235
2036 root_rrrrrrlrl 11.6516962051,9.78645324707|-17.6823692322,18.2396869659
214 root_rrrrrrllr 10.1396923065,8.38766288757|7.30475473404,16.305305481
374 root_rrrrrrllr 10.9926214218,14.9993925095|12.6087913513,18.4565486908
532 root_rrrrrrllr 10.7278871536,5.59190416336|6.05916500092,14.5158414841
1007 root_rrrrrrllr 9.77587509155,15.7651662827|16.5649147034,18.2031974792
1127 root_rrrrrrllr 10.7321720123,16.7409725189|18.5080757141,15.3721647263
157 root_rrrrrrlll 9.81858348846,12.4515743256|-14.5736703873,18.6864929199
1015 root_rrrrrrlll 10.505982399,12.1006288528|5.56104230881,19.4514808655
1219 root_rrrrrrlll 10.0450325012,19.7765026093|0.094299800694,19.4199409485
2053 root_rrrrrrlll 10.9333372116,11.8135843277|-4.07145166397,13.7395715714
30 root_rrrrrrlrr 12.7401762009,19.2308807373|4.66225337982,19.3470439911
922 root_rrrrrrlrr 11.9551906586,14.0962524414|6.61890363693,16.4480781555
998 root_rrrrrrlrr 12.3955993652,19.174249649|14.7276391983,12.5434036255
1253 root_rrrrrrlrr 11.8116436005,3.98992657661|14.3902158737,14.7532224655
1481 root_rrrrrrlrr 12.4389219284,10.4019327164|11.2802991867,14.5943880081
1799 root_rrrrrrlrr 11.7110834122,19.593875885|7.34721374512,13.5991163254
2056 root_rrrrrrlll 9.69452571869,11.9113683701|2.58443689346,19.5947360992
2204 root_rrrrrrlrr 12.6403112411,5.08969116211|9.77229213715,13.9913167953
2230 root_rrrrrrlrr 12.7128162384,8.64790534973|16.6263847351,12.8274059296
2294 root_rrrrrrlrl 11.7619018555,3.88924217224|-11.5435914993,14.159535408
