20
87 root_rllrrlrl -14.522480011,17.2519798279|-14.5091524124,6.20181083679
409 root_rllrrlrl -14.5481433868,14.9127492905|-5.04218435287,13.0648365021
887 root_rllrrlrl -14.8852806091,13.8956623077|-16.7011737823,8.93448925018
1565 root_rllrrlrl -14.5784635544,18.0893211365|-15.0621023178,12.1145906448
1854 root_rllrrlrl -14.3174381256,17.6089038849|-18.3143463135,8.43477630615
1886 root_rllrrlrl -14.509516716,13.4933376312|-12.276471138,11.774641037
1971 root_rllrrlrl -13.8386297226,16.1161193848|-16.9888839722,15.9976024628
2159 root_rllrrlrl -15.1395692825,16.8968257904|-6.83242368698,-0.822517037392
177 root_rllrrll -14.0322256088,14.7264127731|14.1439218521,-13.1827926636
218 root_rllrrll -14.2749872208,13.5899486542|1.61202526093,-12.1506032944
757 root_rllrrll -14.4457807541,13.1292934418|-18.0981025696,-10.9021024704
1091 root_rllrrll -15.0533466339,12.3096961975|15.6319417953,-14.642873764
2179 root_rllrrll -14.258181572,13.7546539307|14.7367639542,-17.6440315247
149 root_rllrrlrr -15.1590118408,18.8982086182|11.75,13.0438327789
719 root_rllrrlrr -14.8757896423,13.0006275177|11.3106088638,-8.44429969788
1158 root_rllrrlrr -13.9960641861,12.309709549|-1.07663846016,11.8364610672
1350 root_rllrrlrr -15.2848043442,13.2732810974|10.5913963318,1.48506116867
1639 root_rllrrlrr -15.2632741928,19.9493999481|4.43707466125,13.1701879501
1681 root_rllrrlrr -13.987080574,18.4518661499|17.0339374542,-8.56921100616
2320 root_rllrrlrr -14.0112104416,19.4678783417|11.4756174088,15.4865961075
