48
285 root_rrlrlrlr -1.3561745882,1.57479977608|11.3700733185,-11.6987733841
631 root_rrlrlrlr 6.71699810028,0.458247840405|5.0678691864,-10.1826610565
952 root_rrlrlrlr 2.15312957764,1.6754283905|18.3407669067,-11.5759315491
1109 root_rrlrlrlr 6.84684085846,1.3975199461|8.66677474976,-17.1465740204
1420 root_rrlrlrlr 8.56682300568,2.67352986336|10.4684343338,-17.0178852081
1784 root_rrlrlrlr -0.768325269222,2.43541693687|15.5955543518,-0.468803822994
154 root_rrlrlrrrrl 4.0141248703,12.5129995346|17.0865459442,-12.937997818
880 root_rrlrlrrrrl 5.49145555496,7.75077056885|16.9217090607,-2.08899044991
1349 root_rrlrlrrrrl 1.28751218319,18.3792858124|18.0747852325,-18.6543807983
1891 root_rrlrlrrrrl -1.56725132465,6.09271001816|17.5490684509,-0.189992517233
52 root_rrlrlrrlr 7.45811462402,14.5134601593|4.45591115952,-11.0608568192
158 root_rrlrlrrlr 8.43329524994,5.52893543243|2.6968858242,-3.22052359581
371 root_rrlrlrrlr 6.19846916199,15.4259090424|4.02064990997,-7.13292694092
384 root_rrlrlrrlr 7.142141819,15.2430334091|5.87460422516,1.340888381
641 root_rrlrlrrlr 6.12643814087,5.9783821106|3.31310749054,-3.20534706116
1356 root_rrlrlrrlr 6.9537820816,10.2912273407|3.51003980637,0.559868752956
44 root_rrlrlrrrl 3.49281024933,13.3633565903|12.4257583618,-8.67247009277
760 root_rrlrlrrrl 3.75197124481,18.120218277|13.5487604141,-1.56678545475
761 root_rrlrlrrrl 8.86512374878,5.90365982056|11.9294090271,-5.71496963501
1276 root_rrlrlrrrl 2.8444314003,18.8787956238|11.3539934158,-2.97118592262
1328 root_rrlrlrrrl 5.71671438217,5.74013662338|10.7029352188,-14.7587604523
520 root_rrlrlrrll 4.65819787979,10.9860448837|6.42570352554,1.60315263271
943 root_rrlrlrrll -1.12004554272,15.3442029953|5.95843839645,-17.3903312683
1041 root_rrlrlrrll 1.36634528637,7.49807453156|3.79626011848,-5.61298894882
1300 root_rrlrlrrll -0.841106593609,13.8834314346|6.02802753448,-11.1913833618
1410 root_rrlrlrrll 3.92575788498,4.26133108139|2.88806915283,-9.77839374542
1800 root_rrlrlrrll 1.66140639782,10.3521604538|3.63463044167,0.695584177971
207 root_rrlrlrrrrr 5.73911952972,4.57951831818|19.3943042755,-6.76428461075
357 root_rrlrlrrrrr 6.48531532288,9.86748886108|14.9568958282,0.948954939842
496 root_rrlrlrrrrr 8.32170200348,13.5178337097|17.4770259857,-17.8741874695
1677 root_rrlrlrrrrr 7.71109342575,3.96668744087|15.0559520721,-16.5267925262
1748 root_rrlrlrrrrr 6.76492023468,7.26533269882|19.9035072327,-6.61462831497
50 root_rrlrlrll -1.67240071297,-0.974405884743|1.5246411562,-0.137081459165
247 root_rrlrlrll 1.47181856632,0.0511006824672|5.28965187073,-2.470890522
248 root_rrlrlrll 7.11512374878,0.350262463093|1.97089862823,0.305770516396
627 root_rrlrlrll 1.56014513969,-0.087893024087|3.67718148232,0.0388220697641
1794 root_rrlrlrll 4.41259527206,0.0312820822001|4.77077198029,-3.15326070786
1956 root_rrlrlrll -0.31634759903,0.275698035955|17.4755535126,-14.0897941589
2074 root_rrlrlrrrl 5.3761048317,13.6334981918|10.8958683014,-9.29850482941
2094 root_rrlrlrrlr 8.2391166687,10.6459302902|1.76774442196,-16.3683662415
2116 root_rrlrlrlr 5.07705020905,2.68629002571|13.1292715073,-2.34457802773
2163 root_rrlrlrrrl 6.08021879196,14.671754837|14.0994586945,-0.0227489806712
2215 root_rrlrlrrrrl 1.89883315563,18.276714325|17.7802047729,-14.2131919861
2265 root_rrlrlrrll 4.62605381012,11.3324365616|2.84979891777,-14.9314098358
2337 root_rrlrlrlr 0.336892455816,2.97904229164|15.1943273544,-18.3287410736
2338 root_rrlrlrrrrr 8.12469387054,19.7733402252|18.8623046875,-4.98127555847
2350 root_rrlrlrrll 3.36033439636,16.9188156128|8.17058944702,-18.118522644
2352 root_rrlrlrrrrl -1.15727114677,16.1566524506|19.8480815887,-8.7997303009
