24
32 root_rrlrrrlrll 10.5712547302,6.82705688477|-4.58831214905,-10.0369501114
898 root_rrlrrrlrll 10.647192955,13.6558847427|-0.863117992878,-6.93321895599
1305 root_rrlrrrlrll 10.6034355164,15.5495471954|3.03482317924,-6.94237470627
1344 root_rrlrrrlrll 11.390499115,14.6434555054|-7.92875337601,-4.29883623123
91 root_rrlrrrlrr 12.0643358231,10.7946643829|4.50465631485,-2.40218830109
632 root_rrlrrrlrr 11.4638271332,6.8262295723|7.19938850403,0.951245903969
832 root_rrlrrrlrr 10.8367233276,2.77108240128|16.0190162659,-1.43256855011
1464 root_rrlrrrlrr 11.1243944168,13.3756866455|-1.05692577362,-2.9730463028
1480 root_rrlrrrlrr 10.8002243042,15.0753488541|18.4117527008,-1.36077642441
1898 root_rrlrrrlrr 10.9241523743,2.4618434906|14.242433548,-1.0187920332
2000 root_rrlrrrlrr 11.307059288,16.1206912994|1.62119793892,0.668479323387
95 root_rrlrrrll 10.0542793274,5.80101108551|-7.31929636002,-3.19193148613
99 root_rrlrrrll 9.17560958862,19.8448371887|0.643604278564,-5.49175834656
747 root_rrlrrrll 9.52637386322,8.13720607758|4.69938373566,0.416917949915
1100 root_rrlrrrll 9.92175769806,1.2947576046|-5.17458152771,1.36814308167
1194 root_rrlrrrll 9.18091487885,18.9096317291|13.6876325607,-9.06142616272
1362 root_rrlrrrll 9.04842376709,7.06180286407|15.1755981445,-0.690285027027
1955 root_rrlrrrll 9.43877124786,3.26716518402|2.88377857208,-3.46949911118
2133 root_rrlrrrll 9.65832805634,0.167451813817|-1.45460486412,1.06629562378
1665 root_rrlrrrlrlr 10.6628446579,19.7472667694|19.2361068726,-6.2896027565
1699 root_rrlrrrlrlr 11.3817005157,10.9868135452|16.5489864349,-10.424905777
1804 root_rrlrrrlrlr 10.8319740295,14.503203392|12.8314571381,-8.86633491516
2085 root_rrlrrrlrlr 12.2056093216,19.7191162109|18.848110199,-7.5181889534
2233 root_rrlrrrlrlr 11.7436647415,6.20530796051|9.36036872864,-10.1683616638
