37
137 root_llllllrl -14.2852020264,-14.0360946655|-17.2783031464,-7.91062355042
241 root_llllllrl -12.5565004349,-16.2944908142|-0.632100522518,-13.5840339661
404 root_llllllrl -14.8002576828,-18.5207157135|-15.0001659393,-16.2585277557
1043 root_llllllrl -15.0470237732,-18.4251022339|-18.9356079102,-16.6207542419
1396 root_llllllrl -13.8208885193,-13.6060581207|-9.35670948029,-12.96164608
1591 root_llllllrl -14.0147790909,-18.8538398743|-15.6414518356,-18.50963974
354 root_llllllrrl -6.23733854294,-17.7118587494|-17.228515625,-18.4400959015
992 root_llllllrrl -7.39464044571,-17.6006145477|-15.9484481812,-18.8367977142
1229 root_llllllrrl -11.2228212357,-19.9420890808|-12.4438886642,-16.2776565552
1255 root_llllllrrl -10.4426422119,-14.9288167953|-12.2281551361,-19.3843173981
1531 root_llllllrrl -5.9947719574,-14.061457634|0.710966169834,-19.2784614563
1814 root_llllllrrl -5.94308996201,-13.6774215698|-1.27711474895,-16.6588897705
2236 root_llllllrrl -9.44425678253,-19.5035800934|-0.482817083597,-16.3103561401
589 root_lllllllrr -15.5002822876,-15.0431699753|-15.8382863998,-14.3079147339
602 root_lllllllrr -16.8154144287,-18.9640769958|-10.4261322021,-10.8606920242
1310 root_lllllllrr -16.6245155334,-16.2867908478|-13.6803703308,-10.1261377335
1864 root_lllllllrr -16.1490478516,-13.0954170227|-12.3481559753,-12.3478040695
2025 root_lllllllrr -16.4591331482,-18.1327667236|-12.4801387787,-10.5411882401
663 root_lllllllrl -18.1614513397,-14.1996164322|1.61507952213,-14.168296814
1527 root_lllllllrl -17.9836196899,-19.1591281891|-6.91688680649,-11.5792942047
1970 root_lllllllrl -17.6754627228,-18.0746059418|-7.850730896,-18.0548191071
2259 root_lllllllrl -16.9310131073,-17.7892684937|-7.64152193069,-15.4467821121
792 root_llllllrrr -4.92363643646,-17.0059223175|-1.40126693249,-8.96210670471
1102 root_llllllrrr -7.42185735703,-17.2233486176|-5.20943021774,-12.8453702927
1281 root_llllllrrr -8.02682971954,-13.5811700821|-6.93371295929,-9.9825925827
1299 root_llllllrrr -7.93039655685,-16.7920627594|1.97066891193,-15.1734714508
1409 root_llllllrrr -11.1530485153,-13.7284240723|-18.1428718567,-15.4047555923
1488 root_llllllrrr -5.16161394119,-16.2737598419|-0.0919637233019,-8.63843727112
1594 root_llllllrrr -7.70077991486,-14.8116073608|-10.4679412842,-9.68213653564
1978 root_llllllrrr -10.5463953018,-15.7154178619|-5.06411886215,-10.6634044647
785 root_llllllll -19.7259979248,-19.9109039307|-15.3566627502,-9.75078868866
1331 root_llllllll -19.4351634979,-15.0046567917|-12.5917463303,-15.1420183182
1374 root_llllllll -18.6346206665,-15.5111570358|-17.3410663605,-7.79886817932
1493 root_llllllll -18.8169536591,-16.9834308624|-9.83284950256,-8.30455112457
2008 root_llllllll -19.8492565155,-15.8098735809|-9.88048362732,-16.9881038666
2249 root_llllllll -19.0779514313,-15.4918661118|-9.41453266144,-16.289390564
2343 root_llllllrl -13.3006629944,-13.8228721619|-4.21643972397,-11.7174835205
