49
221 root_lrlrlllrr 0.163742020726,-13.1885566711|-2.24284720421,-10.0546112061
240 root_lrlrlllrr -0.156099930406,-13.2530193329|-2.95662093163,-11.3847351074
852 root_lrlrlllrr -2.04694318771,-6.53272485733|0.376703411341,-14.1296052933
1563 root_lrlrlllrr -4.03279256821,-10.05164814|-0.992465496063,-10.7023038864
1577 root_lrlrlllrr -4.59295034409,-16.5613975525|1.27013337612,-8.00554943085
220 root_lrlrllrlr 4.72664213181,-2.25507473946|1.77864325047,-16.6195087433
338 root_lrlrllrlr 4.21336984634,-19.0146980286|-4.28520154953,-13.5130195618
929 root_lrlrllrlr 4.45184326172,-2.15516924858|-1.09093785286,-15.2451467514
1156 root_lrlrllrlr 4.81748008728,-12.5243225098|1.393684268,-17.7145462036
1672 root_lrlrllrlr 4.07599544525,-5.68486261368|-4.88780975342,-14.4471359253
191 root_lrlrllrrl 2.21159815788,-15.8723230362|-1.75334274769,-10.199385643
224 root_lrlrllrrl 4.87582921982,-15.3532457352|-3.00042200089,-9.14970779419
563 root_lrlrllrrl 4.01450538635,-15.3679647446|0.0248138923198,-11.041633606
1564 root_lrlrllrrl 2.43895244598,-16.3462409973|-3.5643889904,-10.5190620422
1674 root_lrlrllrrl 3.9742166996,-14.3714666367|-6.35975456238,-11.2754383087
1758 root_lrlrllrrl 1.59435975552,-14.3066549301|-4.59154891968,-8.97190952301
20 root_lrlrllllr -3.24748849869,-12.765253067|-3.67212128639,-17.1726207733
196 root_lrlrllllr -0.364474684,-2.35492324829|-4.01909351349,-6.74649906158
1313 root_lrlrllllr -3.56889939308,-9.98817825317|-3.54236888885,-8.66260051727
1361 root_lrlrllllr 0.477122038603,-16.0434150696|-5.42704200745,-16.6076412201
1977 root_lrlrllllr -4.59878492355,-10.1768493652|-4.69899940491,-7.1073384285
34 root_lrlrllrll 1.36284327507,-12.3836183548|-2.456189394,-13.6564321518
480 root_lrlrllrll 1.35159552097,-9.82284545898|-3.64902758598,-19.3242340088
672 root_lrlrllrll 3.46784162521,-3.65756297112|2.45233392715,-17.9747581482
1688 root_lrlrllrll 1.06051135063,-4.63487529755|-3.26838874817,-19.2620983124
1815 root_lrlrllrll 2.83678197861,-10.7895622253|-3.47302246094,-16.3605823517
581 root_lrlrlllll -0.47154045105,-12.4167861938|-6.37593364716,-11.5762844086
989 root_lrlrlllll -0.344044357538,-16.6707344055|-5.57265090942,-15.1153945923
1532 root_lrlrlllll 0.524231791496,-2.40404367447|-5.60795593262,-13.5691490173
1857 root_lrlrlllll -0.0442240573466,-10.2758235931|-6.27104043961,-10.4146327972
585 root_lrlrlllrl -4.36292362213,-13.4003801346|-1.28608715534,-15.6443471909
1288 root_lrlrlllrl 0.078228995204,-10.5716485977|2.31827688217,-14.2388429642
1335 root_lrlrlllrl -4.79173469543,-10.7418699265|-1.29029786587,-17.2007694244
1692 root_lrlrlllrl 0.247147843242,-1.43882012367|-2.50960564613,-15.9429283142
1844 root_lrlrlllrl -0.711662650108,-15.8088970184|2.49668121338,-15.5873565674
233 root_lrlrllrrr 6.45264530182,-11.8737945557|-5.67109107971,-9.61577510834
634 root_lrlrllrrr 3.44235086441,-7.41268730164|-1.53362643719,-11.6538438797
1151 root_lrlrllrrr 5.81903934479,-12.3977584839|-4.27113723755,-10.2057685852
1336 root_lrlrllrrr 3.8705534935,-9.05692005157|-4.29671907425,-10.5129489899
1651 root_lrlrllrrr 5.30223369598,-6.89358091354|-3.60167956352,-6.80485153198
1982 root_lrlrllrrl 1.69629526138,-16.6577548981|0.124453507364,-9.69303321838
1984 root_lrlrllrrl 1.08004295826,-13.9561414719|1.68861961365,-10.4128398895
2009 root_lrlrlllrr -0.842949151993,-5.71309566498|-0.727425396442,-9.48890972137
2137 root_lrlrllllr -1.96912455559,-12.1680202484|-4.40406703949,-10.0640516281
2164 root_lrlrllrll 2.1478831768,-15.3527507782|-1.16731476784,-12.698466301
2178 root_lrlrlllrl -2.16954231262,-16.6882400513|0.86839556694,-16.8599205017
2285 root_lrlrllrlr 6.18345689774,-13.9526433945|-4.58111715317,-19.2386703491
2299 root_lrlrllrll 3.61283612251,-16.0074272156|-1.59349989891,-16.3968029022
2322 root_lrlrllrlr 6.14363718033,-16.0749378204|-0.255999743938,-19.2574939728
