46
1094 root_rrrlrrllrll -1.33487212658,15.8470220566|-4.61886024475,2.80749416351
1456 root_rrrlrrllrll 1.83526432514,16.0915985107|-17.9127597809,5.34708356857
1809 root_rrrlrrllrll -1.04498267174,18.3728370667|-17.2969779968,2.03201317787
1822 root_rrrlrrllrll 0.550506711006,13.9363536835|-5.61590909958,8.35262012482
325 root_rrrlrrllrr -0.0424679554999,18.0359668732|5.59038352966,8.3351020813
712 root_rrrlrrllrr 9.07429504395,14.5944337845|1.99513924122,7.6424612999
1001 root_rrrlrrllrr -0.798357486725,15.9971952438|0.196474760771,5.98398590088
1189 root_rrrlrrllrr 10.6165208817,13.142282486|-3.4744348526,5.54020929337
1312 root_rrrlrrllrr 8.63127040863,13.0925254822|1.46630012989,7.42552089691
1723 root_rrrlrrllrr 7.20710802078,15.3965587616|5.95779418945,6.55713510513
373 root_rrrlrrlrlr 5.95577526093,18.4995441437|15.6119737625,1.96504735947
921 root_rrrlrrlrlr 10.0162878036,13.0021266937|8.26782798767,6.79982423782
1861 root_rrrlrrlrlr 5.01709985733,17.7654914856|6.42229652405,4.59582090378
1959 root_rrrlrrlrlr 5.13562202454,19.2390918732|17.1280078888,5.74959373474
2020 root_rrrlrrlrlr 5.92368650436,13.2364597321|18.0425319672,5.13690137863
2131 root_rrrlrrlrlr 3.1590616703,17.0195922852|12.9584665298,3.80396270752
1014 root_rrrlrrllrlr 5.07717132568,19.9280796051|-13.3446006775,2.47052550316
1516 root_rrrlrrllrlr 5.43380451202,17.3540554047|-7.24052476883,5.6231341362
1556 root_rrrlrrllrlr 7.89241123199,14.2038412094|-8.86563301086,9.7841758728
1568 root_rrrlrrllrlr 6.6015496254,16.3796844482|-16.0012931824,6.86378622055
1948 root_rrrlrrllrlr 9.08835411072,13.2665214539|-6.78030729294,6.377825737
1992 root_rrrlrrllrlr 5.94466304779,16.0491485596|-11.5883588791,2.51867365837
2210 root_rrrlrrllrlr 5.35617303848,14.5522279739|-5.25084352493,7.511677742
790 root_rrrlrrllll 2.8838891983,9.92644500732|-6.65180015564,6.94552469254
1017 root_rrrlrrllll -0.796477496624,9.69395923615|-6.98926830292,3.27958917618
1298 root_rrrlrrllll 2.78057932854,10.0837278366|0.737710356712,9.43070316315
1709 root_rrrlrrllll -0.811585068703,10.0179481506|-9.00419616699,9.55556678772
16 root_rrrlrrlllr -1.15948653221,11.4525594711|-19.3522987366,6.90912628174
362 root_rrrlrrlllr 6.10477590561,10.3452043533|-16.1066551208,5.39601898193
1848 root_rrrlrrlllr 2.22389006615,11.3440027237|-10.9707717896,3.53961992264
1958 root_rrrlrrlllr 7.42848300934,12.2868461609|-0.0838900059462,6.6618309021
2231 root_rrrlrrlllr 10.088092804,12.6036720276|4.74870586395,3.11972904205
524 root_rrrlrrlrll 3.27680182457,12.2317962646|11.9711465836,5.13997554779
1798 root_rrrlrrlrll -1.04965424538,11.863237381|7.52539730072,4.27360916138
2023 root_rrrlrrlrll 6.68462371826,12.920165062|7.65978717804,4.59510374069
2080 root_rrrlrrlrll 4.6536397934,10.5835237503|8.481341362,3.91579723358
159 root_rrrlrrlrr 11.1007070541,13.0182437897|14.6257896423,7.25300264359
633 root_rrrlrrlrr 0.857558250427,17.4133605957|10.9647684097,7.28276348114
648 root_rrrlrrlrr 8.27590560913,12.4714508057|6.82271623611,9.34597396851
1164 root_rrrlrrlrr 10.0927820206,11.5332365036|19.4272136688,8.6353263855
1200 root_rrrlrrlrr 9.96275997162,15.9741077423|17.6925792694,9.66258430481
2130 root_rrrlrrlrr 6.50728654861,14.3465452194|13.3956899643,8.91536998749
2296 root_rrrlrrlllr 6.43607330322,10.8809671402|3.33368659019,3.98089623451
2301 root_rrrlrrlrr 5.10526132584,13.3817529678|16.8163299561,7.97714185715
2304 root_rrrlrrllrlr 9.94357299805,15.9652881622|-15.6541366577,9.4691028595
2331 root_rrrlrrlrr 10.8246936798,11.4710617065|15.8199748993,8.83584499359
