32
55 root_lrrrllrr 12.7027301788,-14.0710630417|11.2097978592,13.8115644455
506 root_lrrrllrr 5.96217393875,-1.21657884121|11.2663059235,-7.66403579712
645 root_lrrrllrr 16.8772220612,-14.1122531891|11.9024209976,14.8209590912
814 root_lrrrllrr 14.3847970963,-14.5366687775|11.665687561,-5.57028388977
828 root_lrrrllrr 13.3430566788,-10.9057197571|11.2017202377,11.23295784
184 root_lrrrlllrl 14.8271341324,-17.1410675049|9.82277679443,-13.9542627335
896 root_lrrrlllrl 9.97348690033,-5.25614023209|10.5319442749,-18.5197105408
1888 root_lrrrlllrl 19.6925773621,-10.0529613495|10.6719522476,-12.039270401
2323 root_lrrrlllrl 16.1721420288,-19.6793785095|10.5773200989,-12.263261795
81 root_lrrrllllr 4.55283069611,-11.3820133209|10.2113351822,-7.91161727905
731 root_lrrrllllr -4.56559324265,-3.91081690788|10.6961984634,-1.57465851307
1600 root_lrrrllllr -3.76947784424,-6.58870267868|10.0576820374,9.77396583557
1679 root_lrrrllllr 6.86951208115,-16.9843330383|10.4887609482,11.1199827194
2158 root_lrrrllllr -3.35143256187,-3.18485975266|10.1445226669,15.5884275436
2257 root_lrrrllllr -3.47802257538,-11.0397634506|9.92178916931,19.2902450562
318 root_lrrrlllrr 18.0094394684,-11.5151767731|10.9865970612,11.6610765457
534 root_lrrrlllrr 8.98726654053,-17.2370204926|10.5461149216,15.8651781082
679 root_lrrrlllrr 9.54193496704,-16.5651340485|10.1775007248,11.4610452652
1128 root_lrrrlllrr 17.1597747803,-6.20556545258|10.2501859665,16.2436275482
1163 root_lrrrlllrr 16.2422904968,-16.4995422363|10.0082302094,-8.98617076874
685 root_lrrrlllll 7.65402507782,-15.5775270462|10.458899498,-12.3542947769
1065 root_lrrrlllll 0.646670281887,-15.1299724579|10.9075250626,-19.4265613556
2093 root_lrrrlllll 1.83109366894,-16.8664703369|10.6889238358,-14.9071369171
2228 root_lrrrlllll -1.50231981277,-19.9153881073|9.99412822723,-11.8855104446
228 root_lrrrllrl 2.15252876282,-18.7248592377|11.3887500763,-16.8959236145
542 root_lrrrllrl -1.51574742794,-19.4990158081|11.1432723999,9.26216125488
811 root_lrrrllrl -2.99452662468,-10.7583360672|11.2629623413,-5.54819726944
1089 root_lrrrllrl 0.419460833073,-12.862610817|11.7081632614,-8.94569301605
1223 root_lrrrllrl 2.97528100014,-7.1313958168|11.3516902924,16.2551422119
1352 root_lrrrllrl -2.43446230888,-16.0840148926|11.7071533203,-2.14749264717
1603 root_lrrrllrl -2.05445218086,-5.61713027954|11.5876598358,-18.6521453857
2193 root_lrrrllrl 0.550611257553,-3.39948606491|11.9049787521,-3.6370267868
