30
784 root_lrllrlrrrl 11.1777544022,-4.98757886887|-13.5885410309,5.77343940735
1133 root_lrllrlrrrl 14.6254863739,-7.75613260269|-11.9006567001,-0.783111453056
1431 root_lrllrlrrrl 16.7036190033,-6.83940887451|-16.8821411133,18.9227638245
1432 root_lrllrlrrrl 14.1211023331,-5.63727664948|-12.1202707291,10.3847370148
1895 root_lrllrlrrrl 13.6588220596,-7.58956813812|-13.7602357864,4.59900665283
2005 root_lrllrlrrrl 13.31346035,-4.20542573929|-18.0761013031,8.45467185974
2034 root_lrllrlrrrl 11.2715492249,-8.73656082153|-14.5271787643,4.45302200317
48 root_lrllrlrlr 16.7419261932,-1.06318235397|-9.56237220764,-18.7775554657
455 root_lrllrlrlr 11.3163089752,-4.88235235214|-9.19559383392,-8.64541244507
888 root_lrllrlrlr 14.1409301758,-3.12983179092|-7.33839607239,-8.58171367645
1764 root_lrllrlrlr 11.2041559219,-4.09101057053|-18.925661087,-11.1260910034
2132 root_lrllrlrlr 14.7422780991,-2.37978768349|-17.5993099213,-13.6353025436
358 root_lrllrlrrl 10.2650060654,-12.2387828827|-7.24413776398,7.26562976837
369 root_lrllrlrrl 15.0587625504,-12.8013935089|-13.4854269028,8.63295936584
1038 root_lrllrlrrl 15.2356758118,-10.479101181|-8.12839317322,16.5180187225
1064 root_lrllrlrrl 13.5675916672,-10.2997789383|-7.64386940002,17.3273220062
1884 root_lrllrlrrl 15.6691389084,-10.7199792862|-17.5662384033,-1.08824169636
576 root_lrllrlrrrr 11.1701135635,-8.89975166321|-11.6359786987,-1.15845859051
934 root_lrllrlrrrr 13.8818035126,-8.76863193512|-8.15352344513,18.0738773346
1370 root_lrllrlrrrr 15.9584112167,-8.37730121613|-7.24876976013,9.18265533447
1423 root_lrllrlrrrr 15.5479259491,-2.47648882866|-8.06274700165,9.32486629486
1459 root_lrllrlrrrr 13.0618619919,-2.63417005539|-9.24341106415,12.0717229843
1522 root_lrllrlrrrr 17.1492004395,-6.54427909851|-7.84604024887,10.6356124878
1536 root_lrllrlrrrr 16.0857467651,-7.18770074844|-9.81436157227,-0.37210097909
1816 root_lrllrlrrrr 11.5694303513,-1.91898083687|-10.465306282,18.1919593811
441 root_lrllrlrll 10.167596817,-6.2396941185|-12.436044693,-12.9028997421
1811 root_lrllrlrll 15.4382095337,-12.1369342804|-15.4088630676,-9.60964393616
1827 root_lrllrlrll 14.7690896988,-9.92636489868|-17.0232028961,-7.08846998215
2073 root_lrllrlrll 10.434261322,-9.75664043427|-9.12788963318,-15.8255462646
2224 root_lrllrlrll 14.9529867172,-11.7506952286|-13.0744132996,-7.22640943527
