32
336 root_lrrlrlll -2.18705940247,-13.8997783661|4.69847726822,6.28729009628
510 root_lrrlrlll 2.93205142021,-13.803235054|8.12090301514,-12.291639328
662 root_lrrlrlll 2.11136245728,-13.7531194687|5.73308849335,-13.7112112045
869 root_lrrlrlll -1.2248249054,-13.1625852585|5.78078937531,7.04672813416
1544 root_lrrlrlll 1.26046943665,-13.1995038986|5.52430391312,-15.7974367142
181 root_lrrlrllrl -3.42862558365,-12.8197231293|7.41805028915,11.5672931671
302 root_lrrlrllrl 0.562479674816,-10.6917552948|7.20305633545,-17.1486721039
607 root_lrrlrllrl 0.430591285229,-11.8094244003|3.61108636856,18.7343578339
830 root_lrrlrllrl -2.85408973694,-11.4455108643|2.71338844299,-7.77526664734
366 root_lrrlrlrrr 18.2101612091,-8.9275894165|7.16392040253,15.9270496368
642 root_lrrlrlrrr 13.8080234528,-11.043006897|2.79537558556,9.82282161713
1054 root_lrrlrlrrr 17.9421844482,-9.28743362427|8.54766082764,1.94532084465
1401 root_lrrlrlrrr 18.5259017944,-11.2563486099|8.05840492249,-12.8780736923
1424 root_lrrlrlrrr 18.4337787628,-11.0433588028|9.75789642334,1.03173208237
936 root_lrrlrllrr 3.7648999691,-10.1404294968|5.62139797211,-16.8243255615
1082 root_lrrlrllrr 5.43169641495,-11.6151247025|3.49637770653,-4.86974620819
1145 root_lrrlrllrr 2.87719321251,-8.94296646118|8.26075553894,-17.3192634583
1441 root_lrrlrllrr 0.707108199596,-10.1870307922|8.59139442444,-18.2104930878
1911 root_lrrlrllrr 1.81868243217,-10.4204750061|4.70727539062,16.5116081238
27 root_lrrlrlrrl 18.7055835724,-12.3611726761|8.39321708679,3.21787047386
155 root_lrrlrlrrl 19.8496932983,-13.8589372635|4.57939720154,-10.5272712708
1042 root_lrrlrlrrl 14.1050167084,-11.9990577698|6.24096727371,-15.7728052139
1224 root_lrrlrlrrl 16.0186862946,-11.4041013718|4.00319004059,10.3085784912
350 root_lrrlrlrl 12.2874097824,-9.52532863617|3.74793767929,5.06773996353
587 root_lrrlrlrl 12.2623281479,-11.9959754944|5.53671836853,4.84134197235
637 root_lrrlrlrl 12.0881614685,-8.67376708984|8.77546024323,-13.7907047272
867 root_lrrlrlrl 9.40594863892,-9.72349739075|7.20852565765,-6.56037187576
1400 root_lrrlrlrl 8.23970508575,-9.40354824066|3.24202013016,-8.97794246674
1512 root_lrrlrlrl 7.92326641083,-8.8196849823|5.15340423584,8.94303607941
1887 root_lrrlrlrl 11.8254547119,-11.504609108|4.20092058182,-1.34807670116
1983 root_lrrlrllrr 2.08809614182,-9.93144893646|6.32010984421,3.68252444267
2349 root_lrrlrlrrl 13.6342096329,-12.6465902328|7.70111846924,18.2575759888
