37
575 root_rlrrrlrrrl -2.71986842155,15.0439348221|15.986164093,-6.56088876724
762 root_rlrrrlrrrl -6.8802728653,15.2127447128|15.3581151962,-4.49373960495
776 root_rlrrrlrrrl -8.76624298096,12.9455547333|8.18067264557,-10.9927845001
1063 root_rlrrrlrrrl -1.88730144501,14.1380929947|19.2567005157,-12.2792224884
1237 root_rlrrrlrrrl -7.00815629959,13.7904691696|19.2666759491,-10.9561023712
2015 root_rlrrrlrrrl -6.1050157547,15.1063537598|9.48816204071,-11.1548061371
475 root_rlrrrlrrrrr -5.38091754913,14.6399650574|18.9725551605,2.06456136703
1124 root_rlrrrlrrrrr -2.90733122826,16.1965274811|19.2198429108,-2.72907447815
1587 root_rlrrrlrrrrr -2.57264685631,16.7711181641|19.2032489777,2.99669480324
1845 root_rlrrrlrrrrr -4.89168262482,12.3613405228|11.3085260391,1.09972405434
2195 root_rlrrrlrrrrr -4.12669229507,12.0086393356|13.0276165009,-1.92777967453
160 root_rlrrrlrrl -5.82292938232,8.11500930786|11.1344079971,4.62357568741
173 root_rlrrrlrrl -7.37979650497,-0.798814177513|17.7031841278,5.13759613037
495 root_rlrrrlrrl -4.06090116501,1.12933790684|6.6182718277,-7.91740179062
772 root_rlrrrlrrl -4.00784778595,7.95848560333|15.075925827,-4.38005304337
850 root_rlrrrlrrl -2.57580280304,6.03824663162|12.7613716125,2.08540773392
1402 root_rlrrrlrrl -5.00107955933,7.17590999603|18.1200447083,-10.8530654907
1543 root_rlrrrlrrl -4.19771575928,4.58303880692|17.510225296,-1.49527084827
1593 root_rlrrrlrrl -4.14481115341,-0.0769896954298|12.0317134857,1.52165591717
171 root_rlrrrlrll -2.12062263489,15.6202878952|3.19024014473,1.92761361599
297 root_rlrrrlrll -2.39590740204,5.5678768158|2.59614825249,-5.93100595474
1148 root_rlrrrlrll -2.75833368301,3.0705344677|3.20743966103,-8.07729625702
1243 root_rlrrrlrll -3.11415028572,19.7475128174|1.79847419262,-5.44521760941
1295 root_rlrrrlrll -1.80355286598,11.6182689667|2.51757884026,-5.52189445496
1484 root_rlrrrlrll -2.33306312561,6.96643400192|2.00567913055,-6.5863571167
2118 root_rlrrrlrll -7.088139534,11.389134407|2.2523458004,2.32117795944
624 root_rlrrrlrrrrl -6.52511072159,13.823431015|6.71052789688,1.40959095955
861 root_rlrrrlrrrrl -8.26413822174,10.7080841064|15.5994663239,2.23148131371
1212 root_rlrrrlrrrrl -5.4615521431,14.5705060959|17.4515075684,-0.842141985893
1453 root_rlrrrlrrrrl -9.80613422394,11.3298521042|15.6578998566,1.44005227089
238 root_rlrrrlrlr -5.62090778351,10.4634284973|3.60653376579,-12.1056547165
601 root_rlrrrlrlr -3.45762419701,17.5513153076|5.75881624222,-8.64608669281
667 root_rlrrrlrlr -7.61140012741,16.3295822144|4.09924221039,-11.4854545593
1057 root_rlrrrlrlr -4.69885826111,15.0767393112|3.86899065971,2.31107664108
1157 root_rlrrrlrlr -9.99133396149,13.9874687195|4.37418317795,-12.0306024551
1513 root_rlrrrlrlr -4.21041297913,1.96277797222|5.04053497314,3.91156959534
1878 root_rlrrrlrlr -2.11830711365,15.5831403732|4.46627378464,0.755192220211
