23
825 root_rrrlrrrrrl 18.7672595978,17.9184017181|-3.5362071991,7.58632469177
1346 root_rrrlrrrrrl 14.3401298523,17.390291214|-13.5319280624,5.71929550171
1701 root_rrrlrrrrrl 13.8978586197,15.8461866379|-7.25636529922,4.80965709686
1735 root_rrrlrrrrrl 16.2476921082,15.850564003|-10.3069267273,4.18201112747
511 root_rrrlrrrrl 13.0865812302,13.3386516571|7.87915611267,8.38195705414
561 root_rrrlrrrrl 13.143907547,17.3274173737|11.4879484177,7.18070650101
754 root_rrrlrrrrl 11.3929014206,18.8869438171|-6.04125785828,2.38752937317
925 root_rrrlrrrrl 11.5162477493,16.7463054657|-19.1615486145,7.05018568039
1686 root_rrrlrrrrl 12.6216840744,13.6107397079|17.5680122375,9.64050388336
1850 root_rrrlrrrrl 12.6762142181,15.644109726|7.86750125885,2.92904019356
25 root_rrrlrrrl 15.4904613495,11.5870294571|15.6811466217,9.64396286011
40 root_rrrlrrrl 17.3565235138,11.9494380951|16.9887924194,9.59454345703
51 root_rrrlrrrl 11.3457489014,9.98424434662|5.59387159348,5.58923864365
176 root_rrrlrrrl 13.2783517838,11.5479850769|18.1329116821,4.89791345596
1445 root_rrrlrrrl 19.0955562592,11.9049119949|-16.5969791412,4.87273025513
1460 root_rrrlrrrl 12.1098403931,11.6925783157|-9.70270252228,8.80623531342
215 root_rrrlrrrrrr 19.9141654968,13.2198934555|-1.13898122311,9.30830669403
1060 root_rrrlrrrrrr 15.5617609024,16.3163700104|19.4701976776,9.21924781799
1123 root_rrrlrrrrrr 13.938328743,17.7287826538|17.7542819977,7.82893037796
1248 root_rrrlrrrrrr 13.3798427582,15.6694307327|4.63253927231,6.56234693527
1301 root_rrrlrrrrrr 18.4832820892,18.5738563538|16.7430000305,8.46062374115
2087 root_rrrlrrrrl 11.6595182419,19.0475673676|5.72708654404,9.4536895752
2196 root_rrrlrrrrrr 18.869808197,15.7562732697|18.1114768982,6.84536457062
