38
395 root_llrlrrll -10.6900691986,-14.1846256256|-18.0016136169,15.7355298996
673 root_llrlrrll -12.5047521591,-14.5461835861|13.8703937531,14.1542549133
1187 root_llrlrrll -16.6375827789,-14.9724702835|0.417423009872,17.5272426605
2321 root_llrlrrll -11.7781715393,-14.5876569748|10.2563047409,13.5437164307
45 root_llrlrll -5.61062335968,-14.0506830215|-7.4722943306,7.22849416733
330 root_llrlrll -6.19548797607,-9.19624614716|-16.7975540161,8.30395030975
529 root_llrlrll -19.4492740631,-10.8530797958|-2.70075249672,11.269949913
1524 root_llrlrll -16.7860450745,-13.1769733429|-3.83100533485,11.0826845169
1582 root_llrlrll -16.841299057,-10.7834262848|-17.8789176941,9.73206424713
2171 root_llrlrll -9.5155544281,-10.758482933|-8.03034591675,9.59756374359
2258 root_llrlrll -19.0639820099,-12.156578064|-13.4480476379,7.7706360817
22 root_llrlrrrr -8.68149185181,-9.64657878876|-12.9206199646,17.2668399811
559 root_llrlrrrr -6.1071023941,-9.4241771698|4.80988454819,18.4930515289
714 root_llrlrrrr -16.5636558533,-9.16757965088|-17.5426616669,11.6744365692
844 root_llrlrrrr -10.8900089264,-9.13798713684|-1.84334647655,11.6158370972
915 root_llrlrrrr -5.43244218826,-9.3522977829|2.33361744881,16.9806537628
1569 root_llrlrrrr -16.8391475677,-9.42351913452|-13.5537385941,19.1847038269
1871 root_llrlrrrr -19.0240402222,-9.22727108002|5.05614042282,18.4265727997
720 root_llrlrrrl -19.2203865051,-11.5528964996|-14.877705574,12.5026855469
1240 root_llrlrrrl -6.04477643967,-10.5667953491|4.48251771927,17.7102336884
1279 root_llrlrrrl -11.6187524796,-10.7591352463|13.7010393143,12.3532209396
1286 root_llrlrrrl -12.6992425919,-10.8690500259|6.03383827209,15.0340433121
1291 root_llrlrrrl -15.0192928314,-10.907535553|-12.0445375443,18.245464325
1534 root_llrlrrrl -19.028263092,-10.356212616|-6.6409740448,12.5919466019
1943 root_llrlrrrl -13.5588989258,-10.8072481155|3.92659878731,18.7007389069
2306 root_llrlrrrl -5.38725137711,-11.8138189316|-5.76421403885,17.5384750366
19 root_llrlrlr -10.5744953156,-10.5596828461|13.4591083527,7.34344244003
1213 root_llrlrlr -12.1709852219,-11.4680843353|6.24941205978,10.7893638611
1231 root_llrlrlr -17.5200195312,-14.2505626678|18.8064060211,5.94816493988
1416 root_llrlrlr -14.2756061554,-12.3309984207|2.57503938675,8.55678749084
1580 root_llrlrlr -12.8299150467,-12.2376585007|7.79227638245,10.43268013
1585 root_llrlrlr -11.0992774963,-12.7597093582|5.84663438797,8.61745738983
1835 root_llrlrlr -12.2969903946,-12.1557245255|19.115020752,11.3213167191
161 root_llrlrrlr -11.8528652191,-13.2887945175|10.1709280014,15.5133647919
198 root_llrlrrlr -17.3460884094,-12.6085176468|12.0529098511,11.7481794357
1155 root_llrlrrlr -11.3354644775,-12.539147377|-12.6712398529,18.1347179413
1518 root_llrlrrlr -8.25578975677,-13.0571041107|6.94772720337,15.9263296127
2330 root_llrlrrlr -5.37984037399,-12.78145504|13.9867391586,18.2349624634
