38
6 root_rlrlrl -10.9045572281,19.2577018738|5.36749649048,-18.8278160095
419 root_rlrlrl -11.0513496399,10.6942586899|4.34961605072,5.22327566147
516 root_rlrlrl -10.6671104431,11.1651535034|6.37634897232,6.27191066742
1427 root_rlrlrl -10.368765831,0.699273109436|1.64623773098,-3.64100885391
1623 root_rlrlrl -11.1987018585,12.0732707977|6.32827377319,5.8713054657
169 root_rlrllrl -11.0931329727,-0.737540543079|-5.38002157211,-17.6420173645
436 root_rlrllrl -11.3110933304,2.00382018089|-4.7971367836,-5.78934907913
522 root_rlrllrl -10.3399009705,19.4674491882|-8.36657619476,-16.7908306122
821 root_rlrllrl -10.7868061066,-0.399145811796|-7.45000123978,14.1911849976
742 root_rlrllll -10.3888435364,1.30218017101|-13.5006322861,1.14980316162
963 root_rlrllll -10.570526123,3.85723185539|-15.1965036392,11.6041049957
1048 root_rlrllll -10.1972074509,3.56490683556|-18.6213645935,4.94893360138
1468 root_rlrllll -10.6410493851,4.87764501572|-14.5673894882,5.88902664185
1767 root_rlrllll -10.4977865219,4.54480743408|-16.976764679,4.62210083008
1769 root_rlrllll -10.1920719147,3.47099113464|-17.141160965,-1.10556387901
1847 root_rlrllll -11.468006134,3.09978532791|-10.7998781204,11.6822843552
2014 root_rlrllll -10.4890928268,1.45168721676|-15.103600502,8.11079978943
65 root_rlrlllr -10.2758903503,10.8132419586|-8.49649143219,19.3721656799
115 root_rlrlllr -11.3001747131,11.3240013123|-18.1367034912,15.9280023575
531 root_rlrlllr -10.7195711136,11.3904371262|-17.9814186096,0.217031791806
744 root_rlrlllr -10.4128026962,16.0334758759|-10.1398820877,11.5173368454
886 root_rlrlllr -10.5601987839,16.4935932159|-16.086812973,15.17669487
1588 root_rlrlllr -11.3418045044,13.7401275635|-17.9758033752,14.3291606903
7 root_rlrlrr -11.1639347076,14.8524169922|16.9723644257,5.09094047546
89 root_rlrlrr -11.3440666199,0.151525557041|11.0521306992,7.8536324501
111 root_rlrlrr -10.8048019409,1.31509912014|11.4890003204,-12.6474323273
432 root_rlrlrr -11.0340232849,3.22457098961|8.06198978424,1.79718339443
1449 root_rlrlrr -11.1737937927,10.111620903|12.3801412582,-5.52348661423
2018 root_rlrlrr -10.3875160217,2.64272427559|12.6667032242,-2.58508777618
2043 root_rlrlrr -10.6207695007,17.9801654816|14.7631645203,9.99802875519
2044 root_rlrlrr -10.8413543701,19.2031898499|9.633061409,9.98156261444
245 root_rlrllrr -10.7444524765,12.452299118|-3.05546593666,7.32281923294
675 root_rlrllrr -11.1511125565,13.173623085|-1.17958724499,18.9592151642
1009 root_rlrllrr -10.3109006882,6.90224218369|-1.22969329357,1.02123224735
1541 root_rlrllrr -11.5230636597,8.24966239929|0.351896345615,-8.34199523926
2124 root_rlrllrr -11.3517026901,0.863449215889|0.050384555012,-3.55552101135
2126 root_rlrlrl -10.7565765381,14.0284719467|1.68361842632,-19.4715366364
2172 root_rlrlrl -10.9528017044,13.6425886154|1.68532001972,3.72588539124
