19
106 root_rrrlllrl 1.44328153133,-0.662502527237|5.81955099106,6.63017559052
741 root_rrrlllrl 2.40071082115,4.70800876617|2.55445599556,9.0203742981
1202 root_rrrlllrl 1.82461833954,0.0470796041191|-2.04353737831,4.96346998215
1505 root_rrrlllrl 0.0740789249539,0.0489282608032|-2.39372110367,6.52985811234
80 root_rrrllll -0.407997906208,3.03372740746|-4.60207271576,6.9524064064
96 root_rrrllll 0.590780735016,6.4780087471|-17.1255455017,6.13261890411
580 root_rrrllll 1.39468789101,5.20900011063|-19.5212879181,2.1525759697
924 root_rrrllll -0.482567280531,6.12256288528|-4.19442749023,3.41819882393
1514 root_rrrllll 1.67353355885,5.4200129509|-3.71407556534,2.0303401947
1620 root_rrrllll 1.14768409729,0.584817409515|-3.71073269844,7.77706718445
1833 root_rrrllll 0.347509235144,-0.0103195011616|-14.6690483093,2.27325391769
76 root_rrrlllrr -0.587525486946,7.06339883804|15.1762619019,10.0679683685
1246 root_rrrlllrr 1.59789180756,6.78783512115|10.1569766998,6.80254507065
1407 root_rrrlllrr 0.0456960126758,-0.961121678352|19.1041641235,6.21979570389
1478 root_rrrlllrr 2.98692727089,1.5946508646|6.58551692963,7.04349946976
1648 root_rrrlllrr -0.670156538486,5.30039262772|6.29464054108,2.76857638359
1797 root_rrrlllrr 1.786064744,1.32991993427|14.9958572388,7.80034780502
2117 root_rrrlllrr 2.72709345818,1.82666039467|16.8893184662,4.22442865372
2332 root_rrrllll -0.712755084038,4.94146060944|-10.0014610291,10.0487031937
