39
10 root_rrllllr 9.59059524536,6.46966218948|-13.4607486725,-3.24031567574
349 root_rrllllr 3.66290378571,5.56731510162|-19.3135185242,-4.08814907074
682 root_rrllllr 15.5118808746,6.25458574295|-13.8602390289,-8.07442569733
986 root_rrllllr -1.39116978645,1.85231351852|-16.3639125824,-0.525445878506
1214 root_rrllllr -0.0861730575562,3.01717877388|-19.2482509613,-0.54291665554
1882 root_rrllllr 19.5319633484,-0.418192774057|-17.8013839722,-7.8062376976
1985 root_rrllllr 1.00765919685,8.1641740799|-13.9351148605,-5.68988656998
61 root_rrlllll 17.8618373871,-0.484545528889|-19.3385791779,-15.1616153717
146 root_rrlllll -0.311170488596,1.03217601776|-17.5203132629,-15.2540893555
590 root_rrlllll 4.59024000168,3.10080099106|-15.0179443359,-14.5488557816
1311 root_rrlllll 0.989281415939,6.96098136902|-16.1848754883,-15.7877407074
1354 root_rrlllll 0.7216360569,5.62705230713|-14.5296106339,-13.6837568283
1641 root_rrlllll -0.036352481693,5.4600777626|-19.1124858856,-19.3330459595
1910 root_rrlllll -0.54267334938,2.47506856918|-18.5634231567,-14.9213914871
1963 root_rrlllll 8.02252197266,3.63919472694|-14.9782829285,-18.6011142731
227 root_rrlllrrll 12.2984228134,13.6757421494|-18.825756073,-1.77382624149
273 root_rrlllrrll -1.32637143135,14.1339616776|-18.685218811,-1.89715397358
748 root_rrlllrrll 8.4733247757,12.9780712128|-18.2628993988,-11.9328346252
1790 root_rrlllrrll 1.41792082787,11.914434433|-18.5565795898,-1.00273561478
935 root_rrlllrrrr 5.9943189621,13.569108963|-14.8261346817,-1.05167579651
1439 root_rrlllrrrr 12.6414375305,14.5005931854|-15.8514661789,-9.05499076843
1471 root_rrlllrrrr 15.2068529129,15.8367815018|-14.2291669846,-11.1230268478
1509 root_rrlllrrrr 6.00509595871,18.5685520172|-13.5705604553,-1.93371164799
2061 root_rrlllrrrr 17.3781356812,18.8841018677|-15.6160154343,-7.6187338829
375 root_rrlllrrrl 16.743976593,18.4798374176|-15.9825086594,-9.04043388367
1225 root_rrlllrrrl 12.8573484421,15.6071901321|-16.6970920563,-18.8808422089
1265 root_rrlllrrrl 12.8549861908,13.4731006622|-16.2660064697,-3.24958753586
2255 root_rrlllrrrl 10.144695282,13.7209253311|-17.284778595,-10.5498752594
1215 root_rrlllrrlr 6.1733880043,16.5648002625|-19.4199695587,-0.545033693314
1604 root_rrlllrrlr 9.62896156311,16.3689727783|-18.1690444946,1.64734387398
1894 root_rrlllrrlr -0.959091961384,14.7292423248|-18.4743423462,-3.47944116592
2108 root_rrlllrrlr 5.12383890152,15.6123628616|-19.4804973602,1.22587752342
2122 root_rrlllrrlr 7.84299707413,14.9029273987|-19.3465061188,-17.8627166748
21 root_rrlllrl 12.3667631149,10.5182561874|-17.0683021545,-12.5914144516
75 root_rrlllrl 15.6628332138,10.5531702042|-18.469789505,-13.8753805161
164 root_rrlllrl 0.632545411587,9.86133575439|-16.4453601837,-10.9102983475
816 root_rrlllrl 8.35408878326,10.4099283218|-19.3075046539,-4.12773704529
1077 root_rrlllrl 1.43502259254,9.70160961151|-17.5518016815,-17.726896286
1303 root_rrlllrl 16.2821903229,9.04748630524|-19.4026355743,-6.70064878464
