22
467 root_rlllrlrl -16.6753940582,6.91198015213|-12.8373823166,-0.953909516335
834 root_rlllrlrl -13.8302211761,7.39959526062|-13.7661571503,-4.50629854202
2246 root_rlllrlrl -17.9093914032,7.27582502365|-15.2120380402,4.16200590134
2307 root_rlllrlrl -15.9634132385,7.29641342163|-7.80363845825,18.2270507812
145 root_rlllrlll -14.5248851776,6.7840218544|-11.5485153198,-0.732379853725
965 root_rlllrlll -18.1886196136,5.70443868637|12.320271492,-10.5397052765
1012 root_rlllrlll -17.7376327515,5.51741886139|14.7405796051,-17.5772972107
1327 root_rlllrlll -19.0215644836,6.64623022079|-13.4273099899,-6.70405054092
2227 root_rlllrlll -13.6782417297,5.40374803543|-19.2078113556,-3.19767856598
694 root_rlllrllr -15.6755867004,6.38947629929|5.87201404572,16.5037975311
729 root_rlllrllr -18.9549541473,6.08076047897|18.0083332062,11.0346813202
1121 root_rlllrllr -17.6742916107,5.99395132065|-2.90975952148,6.73634719849
1242 root_rlllrllr -19.3277492523,5.9599108696|10.3586568832,13.3273715973
1404 root_rlllrllr -15.6434793472,5.84415388107|-12.4208545685,-0.574002087116
1783 root_rlllrllr -15.3070106506,6.80166244507|-14.728638649,9.337266922
2128 root_rlllrllr -14.7925958633,5.63239336014|-12.7627906799,17.3442687988
2174 root_rlllrllr -17.3240222931,5.93289089203|11.7605409622,9.25753211975
37 root_rlllrlrr -14.2634220123,6.83792877197|2.52714705467,2.36656165123
193 root_rlllrlrr -14.722571373,7.39726734161|-6.4523768425,13.6199274063
213 root_rlllrlrr -16.0504989624,7.47251224518|7.99823188782,19.4302654266
1706 root_rlllrlrr -13.3500843048,7.04873800278|0.341179460287,-5.73375606537
2317 root_rlllrlrr -18.1290225983,7.4050693512|-5.83002090454,8.99422168732
