32
549 root_lrlrrlllrr 2.26311349869,-11.8339099884|1.22763502598,-2.66020965576
711 root_lrlrrlllrr 2.21414518356,-11.2057609558|-1.61937069893,14.9354171753
722 root_lrlrrlllrr 1.19007825851,-11.7029523849|-2.34088921547,-4.64490509033
1141 root_lrlrrlllrr 0.0661149248481,-13.8347492218|1.07354664803,10.3584909439
1540 root_lrlrrlllrr 0.83731174469,-8.78819561005|-2.41974186897,8.07112789154
377 root_lrlrrllrl 2.80792498589,-17.6480197906|-0.793433964252,18.5250720978
450 root_lrlrrllrl 3.10952663422,-19.2351818085|-0.0480970405042,0.841082155704
465 root_lrlrrllrl 3.06233787537,-17.3115024567|-5.07273054123,-0.414440482855
469 root_lrlrrllrl 3.60787296295,-17.8654232025|0.868642449379,5.05685710907
116 root_lrlrrllll -4.43963909149,-18.638502121|0.550819933414,18.6965122223
973 root_lrlrrllll -0.843674361706,-14.4282398224|-4.82624483109,17.5710582733
1105 root_lrlrrllll -0.0806503370404,-19.0676517487|1.42722404003,7.63912439346
1162 root_lrlrrllll 0.923988819122,-15.399769783|-5.58906030655,3.12599396706
1228 root_lrlrrllll -1.22903883457,-16.2508811951|-1.45757126808,-3.33123159409
1687 root_lrlrrllll -3.62262964249,-19.7598056793|-5.74759197235,-4.64576435089
85 root_lrlrrlllrl -0.324074268341,-12.432718277|0.0231132879853,-5.4723482132
1500 root_lrlrrlllrl -1.51087367535,-13.0496873856|2.0656709671,-5.68699264526
1660 root_lrlrrlllrl -0.0559145025909,-13.7719078064|-4.87882471085,10.7634363174
1757 root_lrlrrlllrl -1.96557629108,-12.9151268005|0.76305103302,-3.83322930336
11 root_lrlrrllrr 5.3649263382,-13.5565137863|1.84519231319,0.305861026049
910 root_lrlrrllrr 5.04072809219,-11.31782341|0.779908418655,-4.87670564651
1032 root_lrlrrllrr 5.02592420578,-10.4884805679|-2.39587831497,8.67586708069
1114 root_lrlrrllrr 4.34787368774,-10.8159008026|-1.26788914204,10.722817421
1385 root_lrlrrllrr 4.47505760193,-9.1601266861|-3.96247673035,9.96751117706
1465 root_lrlrrllrr 4.2660984993,-16.1927661896|-3.69920039177,2.02972269058
1858 root_lrlrrlllrl -3.39545273781,-11.3977451324|-2.09945392609,-0.740649282932
1950 root_lrlrrlllrl -1.43741190434,-12.3946256638|1.43744397163,-3.07799220085
1996 root_lrlrrllrr 5.36556863785,-17.3624191284|-2.6378467083,7.17070198059
2006 root_lrlrrllll -3.73477816582,-17.6268444061|-1.44606149197,8.16814231873
2104 root_lrlrrllll -0.516556322575,-19.3212451935|-2.35460090637,5.0582818985
2342 root_lrlrrlllrl -3.71989369392,-11.2368907928|-1.86305201054,8.99561405182
2348 root_lrlrrllrl 3.86558842659,-19.3254089355|1.05706572533,-0.614987671375
